10675
10677
10685
10687
10689
10691
10693
10695
10697
10699
10701
10703
10707
10709
10711
10713
10715
10717
10719
10721
10723
10731
10733
10735
10737
10739
10741
10743
10745
10747
10749
10751
10753
10755
10757
10759
10761
10763
10765
10767
10769
10771
10773
10779
10781
10787
10789
10791
10801
10803
10805
10815
10819
10821
10823
10825
10829
11014
11044
11046
11048
11052
11054
11056
11058
11060
11066
11068
11074
11076
11078
11080
11084
11088
11090
11092
11094
11104
11112
11116
11118
11122
11124
11126
11130
11132
11140
11142
11148
11150
11152
11160
11168
11170
11172
11174
11178
11182
11184
11186
11188
11190
11192
11194
11198
11200
11202
11204
11206
11208
11214
11216
11218
11220
11222
11228
11230
11236
11238
11244
11246
11248
11252
11254
11256
11260
11262
11264
11266
11268
11272
11274
11276
11282
11288
11290
11292
11296
11300
11310
11312
11316
11318
11320
11322
11324
11326
11330
11332
11334
11336
11338
11340
11342
11348
11350
11352
11354
11360
11364
11366
11368
11370
11372
11374
11376
11378
11382
11384
11386
11388
11390
11392
11394
11396
11398
11400
11402
11404
11408
11410
11412
11414
11416
11420
11422
11424
11428
11430
11434
11436
11438
11440
11442
11444
11448
11450
11452
11454
11458
11460
11464
11466
11468
11470
11472
11474
11476
11478
11482
11484
11486
11488
11492
11494
11496
11500
11502
11504
11506
11508
11512
11514
11516
11518
11520
11522
11524
11526
11528
11530
11532
11536
11538
11540
11544
11546
11548
11550
11552
11554
11556
11558
11560
11562
11564
11566
11568
11570
11572
11574
11576
11578
11580
11582
11584
11586
11588
11590
11594
11602
11604
11606
11608
11610
11612
11614
11616
11618
11620
11622
11624
11626
11634
11636
11640
11642
11644
11646
11648
11650
11652
11654
11656
11658
11664
11666
11668
11672
11682
11692
11706
11714
11722
11738
11748
11772
11776
11788
11818
11838
11874
11878
11880
11882
11888
11892
11902
11904
11906
11908
11914
11916
11918
11926
11930
11932
11938
11940
11942
11944
11946
11948
11950
11952
11954
11958
11960
11962
11964
11966
11968
11970
11972
11974
11976
11980
11982
11984
11986
11988
11990
11992
11994
11996
11998
12000
12002
12004
12006
12008
12010
12012
12014
12016
12018
12020
12022
12026
12028
12034
12036
12038
12040
12042
12044
12046
12050
12054
12056
12058
12060
12062
12064
12066
12068
12070
12072
12074
12076
12078
12082
12084
12086
12088
12092
12094
12096
12100
12102
12106
12116
12120
12126
12130
12166
12172
12174
12180
12198
12210
12218
12244
12270
12274
12278
12298
12306
12360
12380
12472
12498
12500
12524
12538
12540
12544
12546
12594
12620
12642
12650
12652
12664
12676
12678
12720
12724
12740
12754
12808
12818
12832
12860
12862
12876
12894
12922
12932
12986
13000
13008
13010
13092
13098
13142
13176
13190
13232
13254
13300
13332
13342
13362
