date	time	N	E	H	H-455	compass	P_hpa0	T0,C	P_hpa1	T1,C	dP,kpa	U15,V	U5,V	Uac,V	I,A	Tpow,C	Tmos,C	Bot,C	Top,C	NUM	Clin1	Clin2	ClinTh	Num
15	113610	5147.8094	10423.3357	 450.1	  -4.9	3253	  964.4	 25.4	  962.5	 -7.6	5.48	14.98	5.15	18.74	2.60	29.25	-3.50	18.9	22.0	1	-1.4	1.1	1.8	1
15	113710	5147.8094	10423.3358	 450.3	  -4.7	3246	  964.1	 24.6	  962.4	 -7.6	8.22	14.98	5.16	18.74	2.60	28.75	-3.50	19.4	22.0	2	-1.4	1.1	1.8	2
15	113810	5147.8094	10423.3358	 450.5	  -4.5	3242	  963.9	 24.0	  962.4	 -7.6	2.74	14.98	5.16	18.74	2.65	28.75	-3.75	19.8	22.1	3	-1.4	1.1	1.8	3
15	113910	5147.8094	10423.3358	 450.6	  -4.4	3250	  963.7	 23.6	  962.3	 -7.6	5.48	14.98	5.16	18.75	2.60	28.50	-3.75	20.1	22.1	4	-1.4	1.1	1.8	4
15	114010	5147.8094	10423.3357	 450.7	  -4.3	3250	  963.8	 23.3	  962.3	 -7.6	2.74	14.98	5.15	18.75	2.59	28.75	-3.75	20.4	22.2	5	-1.4	1.1	1.8	5
15	114110	5147.8095	10423.3357	 450.8	  -4.2	3251	  964.0	 23.1	  962.2	 -7.6	2.74	14.98	5.16	18.74	2.64	28.50	-4.00	20.5	22.4	6	-1.4	1.1	1.8	6
15	114210	5147.8095	10423.3356	 450.9	  -4.1	3246	  964.0	 23.0	  962.2	 -7.5	5.48	14.98	5.15	18.75	2.62	28.25	-4.00	20.7	22.4	7	-1.4	1.1	1.8	7
15	114310	5147.8096	10423.3356	 450.8	  -4.2	3251	  963.9	 22.9	  962.1	 -7.5	5.48	14.98	5.16	18.74	2.60	28.25	-4.00	20.9	22.5	8	-1.4	1.1	1.8	8
15	114410	5147.8095	10423.3355	 450.7	  -4.3	3251	  964.0	 22.8	  962.0	 -7.5	2.74	14.98	5.16	18.74	2.65	28.25	-4.00	21.0	22.6	9	-1.4	1.1	1.8	9
15	114510	5147.8095	10423.3355	 450.6	  -4.4	3240	  964.0	 22.8	  961.8	 -7.6	2.74	14.98	5.16	18.74	2.59	28.00	-4.00	21.1	22.7	10	-1.4	1.1	1.8	10
15	114610	5147.8094	10423.3354	 450.5	  -4.5	3247	  964.0	 22.8	  962.0	 -7.5	5.48	14.98	5.15	18.75	2.62	28.25	-4.00	21.3	22.8	11	-1.4	1.1	1.8	11
15	114710	5147.8093	10423.3353	 450.5	  -4.5	3255	  964.1	 22.8	  962.1	 -7.6	2.74	14.98	5.16	18.74	2.62	27.75	-4.00	21.2	22.8	12	-1.4	1.1	1.8	12
15	114810	5147.8092	10423.3353	 450.6	  -4.4	3250	  963.9	 22.8	  962.2	 -7.6	5.48	14.98	5.15	18.75	2.64	28.00	-4.25	21.3	22.8	13	-1.4	1.1	1.8	13
15	114910	5147.8091	10423.3352	 450.7	  -4.3	3250	  963.9	 22.8	  961.9	 -7.8	5.48	14.98	5.15	18.75	2.60	28.00	-3.75	21.4	22.9	14	-1.4	1.1	1.8	14
15	115010	5147.8091	10423.3352	 450.8	  -4.2	3255	  963.8	 22.8	  961.9	 -7.9	5.48	14.99	5.15	18.74	2.64	27.75	-4.00	21.5	23.0	15	-1.4	1.1	1.8	15
15	115110	5147.8090	10423.3352	 450.8	  -4.2	3250	  963.8	 22.9	  961.8	 -8.0	2.74	14.98	5.15	18.75	2.59	27.75	-4.50	21.5	23.0	16	-1.4	1.1	1.8	16
15	115210	5147.8088	10423.3352	 450.8	  -4.2	3246	  963.8	 22.9	  961.8	 -8.1	5.48	14.98	5.16	18.75	2.62	28.00	-4.00	21.5	23.1	17	-1.4	1.1	1.8	17
15	115310	5147.8087	10423.3352	 450.7	  -4.3	3243	  963.8	 22.9	  961.9	 -8.1	5.48	14.98	5.16	18.74	2.60	28.00	-4.25	21.5	23.2	18	-1.4	1.1	1.8	18
15	115410	5147.8086	10423.3352	 450.7	  -4.3	3246	  963.7	 22.9	  961.6	 -8.1	2.74	14.98	5.15	18.75	2.70	27.75	-4.25	21.6	23.2	19	-1.4	1.1	1.8	19
15	115510	5147.8084	10423.3352	 450.7	  -4.3	3251	  963.8	 23.0	  961.5	 -8.2	2.74	14.99	5.16	18.75	2.62	27.50	-4.25	21.7	23.2	20	-1.4	1.1	1.8	20
15	115610	5147.8084	10423.3352	 450.7	  -4.3	3250	  963.9	 23.0	  961.6	 -8.2	2.74	14.98	5.15	18.76	2.62	27.50	-4.25	21.6	23.3	21	-1.4	1.1	1.8	21
15	115710	5147.8083	10423.3352	 450.9	  -4.1	3240	  963.9	 23.0	  961.6	 -8.3	2.74	14.98	5.16	18.75	2.57	28.00	-4.25	21.7	23.3	22	-1.4	1.1	1.8	22
15	115810	5147.8083	10423.3353	 451.0	  -4.0	3240	  963.9	 23.0	  961.7	 -8.3	2.74	14.98	5.15	18.75	2.64	28.25	-4.50	21.7	23.4	23	-1.4	1.1	1.8	23
15	115910	5147.8083	10423.3353	 451.1	  -3.9	3250	  964.0	 23.0	  961.6	 -8.3	2.74	14.98	5.15	18.75	2.60	27.75	-4.25	21.8	23.5	24	-1.4	1.1	1.8	24
15	120010	5147.8083	10423.3353	 451.1	  -3.9	3246	  964.0	 23.1	  961.9	 -8.4	0.00	14.98	5.16	18.75	2.60	27.75	-4.50	21.9	23.5	25	-1.4	1.1	1.8	25
15	120110	5147.8082	10423.3353	 451.1	  -3.9	3242	  964.0	 23.1	  961.8	 -8.4	8.22	14.97	5.15	18.75	2.57	27.50	-4.50	21.9	23.6	26	-1.4	1.1	1.8	26
15	120210	5147.8082	10423.3352	 451.1	  -3.9	3242	  964.0	 23.1	  962.0	 -8.4	2.74	14.98	5.16	18.75	2.60	28.00	-4.75	21.9	23.5	27	-1.4	1.1	1.8	27
15	120310	5147.8081	10423.3352	 451.1	  -3.9	3246	  963.9	 23.1	  961.8	 -8.4	5.48	14.98	5.16	18.75	2.59	27.75	-4.50	21.8	23.6	28	-1.4	1.1	1.8	28
15	120410	5147.8081	10423.3352	 451.0	  -4.0	3236	  963.8	 23.2	  961.6	 -8.4	5.48	14.98	5.16	18.75	2.60	27.50	-4.75	21.9	23.6	29	-1.4	1.1	1.8	29
15	120510	5147.8088	10423.3355	 451.8	  -3.2	3246	  963.8	 23.2	  961.6	 -8.4	2.74	14.98	5.16	18.75	2.67	27.75	-4.75	21.9	23.6	30	-1.4	1.1	1.8	30
15	120610	5147.8089	10423.3353	 452.2	  -2.8	3246	  963.9	 23.2	  961.7	 -8.4	2.74	14.98	5.16	18.74	2.60	27.75	-4.75	22.0	23.6	31	-1.4	1.1	1.8	31
15	120710	5147.8090	10423.3354	 452.2	  -2.8	3240	  963.8	 23.2	  961.6	 -8.4	5.48	14.98	5.15	18.75	2.65	27.50	-4.75	22.0	23.7	32	-1.4	1.1	1.8	32
15	120810	5147.8090	10423.3355	 452.1	  -2.9	3251	  963.9	 23.2	  962.0	 -8.4	5.48	14.98	5.16	18.76	2.60	28.00	-4.75	22.0	23.8	33	-1.4	1.1	1.8	33
15	120910	5147.8089	10423.3355	 452.1	  -2.9	3251	  963.8	 23.3	  961.7	 -8.4	5.48	14.98	5.16	18.75	2.62	27.75	-4.75	22.1	25.4	34	-1.4	1.1	1.8	34
15	121010	5147.8089	10423.3356	 451.9	  -3.1	3251	  963.9	 23.3	  961.8	 -8.5	2.74	14.98	5.16	18.75	2.59	27.50	-5.00	22.0	23.8	35	-1.4	1.1	1.8	35
15	121110	5147.8089	10423.3355	 451.8	  -3.2	3247	  964.0	 23.3	  962.0	 -8.4	2.74	14.98	5.16	18.75	2.62	28.00	-4.75	22.0	23.8	36	-1.4	1.1	1.8	36
15	121210	5147.8090	10423.3355	 451.6	  -3.4	3251	  963.9	 23.3	  962.0	 -8.4	2.74	14.98	5.16	18.74	2.64	28.00	-5.00	22.1	23.8	37	-1.4	1.1	1.8	37
15	121310	5147.8091	10423.3356	 451.3	  -3.7	3246	  963.8	 23.3	  961.7	 -8.3	2.74	14.97	5.15	18.76	2.65	27.75	-4.75	22.2	23.8	38	-1.4	1.1	1.8	38
15	121410	5147.8091	10423.3357	 451.2	  -3.8	3246	  963.8	 23.4	  961.8	 -8.3	2.74	14.98	5.15	18.75	2.62	27.75	-4.75	22.2	23.8	39	-1.4	1.1	1.8	39
15	121510	5147.8091	10423.3358	 451.2	  -3.8	3243	  963.8	 23.4	  961.6	 -8.3	5.48	14.98	5.16	18.75	2.64	28.25	-4.75	22.1	23.8	40	-1.4	1.1	1.8	40
15	121610	5147.8091	10423.3358	 451.0	  -4.0	3250	  963.8	 23.4	  961.6	 -8.4	2.74	14.98	5.15	18.76	2.64	27.75	-5.00	22.2	23.9	41	-1.4	1.1	1.8	41
15	121710	5147.8091	10423.3359	 450.9	  -4.1	3250	  963.8	 23.4	  961.9	 -8.5	2.74	14.98	5.16	18.75	2.64	28.00	-5.00	22.2	24.0	42	-1.4	1.1	1.8	42
15	121810	5147.8090	10423.3359	 450.9	  -4.1	3246	  963.8	 23.5	  961.7	 -8.6	8.22	14.98	5.16	18.76	2.64	28.25	-5.25	22.2	23.9	43	-1.4	1.1	1.8	43
15	121910	5147.8090	10423.3358	 450.9	  -4.1	3255	  963.7	 23.5	  961.6	 -8.6	5.48	14.98	5.16	18.75	2.59	27.75	-4.75	22.2	24.0	44	-1.4	1.1	1.8	44
15	122010	5147.8089	10423.3357	 451.0	  -4.0	3246	  963.6	 23.5	  961.6	 -8.7	5.48	14.98	5.15	18.75	2.62	28.00	-5.00	22.3	23.9	45	-1.4	1.1	1.8	45
15	122110	5147.8089	10423.3357	 450.9	  -4.1	3246	  963.6	 23.5	  961.5	 -8.7	2.74	14.98	5.15	18.75	2.62	28.00	-5.25	22.3	24.0	46	-1.4	1.1	1.8	46
15	122210	5147.8088	10423.3356	 450.9	  -4.1	3242	  963.5	 23.5	  961.5	 -8.7	5.48	14.99	5.16	18.75	2.56	27.75	-5.00	22.3	24.1	47	-1.4	1.1	1.8	47
15	122310	5147.8088	10423.3356	 451.0	  -4.0	3246	  963.5	 23.6	  961.5	 -8.7	2.74	14.98	5.15	18.75	2.64	28.25	-5.25	22.4	24.1	48	-1.4	1.1	1.8	48
15	122410	5147.8088	10423.3355	 451.0	  -4.0	3236	  963.6	 23.6	  961.7	 -8.7	2.74	14.98	5.15	18.75	2.59	28.00	-5.25	22.4	24.1	49	-1.4	1.1	1.8	49
15	122510	5147.8088	10423.3355	 451.0	  -4.0	3240	  963.6	 23.6	  961.6	 -8.7	2.74	14.98	5.16	18.75	2.67	28.25	-5.00	22.4	24.2	50	-1.4	1.1	1.8	50
15	122610	5147.8088	10423.3354	 451.1	  -3.9	3240	  963.5	 23.6	  961.5	 -8.7	2.74	14.98	5.16	18.76	2.65	28.25	-5.25	22.4	24.1	51	-1.4	1.1	1.8	51
15	122710	5147.8088	10423.3355	 451.1	  -3.9	3240	  963.5	 23.7	  961.4	 -8.7	2.74	14.99	5.15	18.75	2.65	28.00	-5.25	22.4	24.2	52	-1.4	1.1	1.8	52
15	122810	5147.8088	10423.3355	 451.1	  -3.9	3246	  963.4	 23.7	  961.3	 -8.6	2.74	14.98	5.15	18.75	2.62	28.50	-5.25	22.4	24.1	53	-1.4	1.1	1.8	53
15	122910	5147.8088	10423.3356	 451.0	  -4.0	3246	  963.3	 23.7	  961.5	 -8.6	5.48	14.98	5.15	18.75	2.62	28.25	-5.25	22.5	24.2	54	-1.4	1.1	1.8	54
15	123010	5147.8088	10423.3356	 451.0	  -4.0	3242	  963.4	 23.7	  961.3	 -8.6	2.74	14.98	5.16	18.75	2.57	28.25	-5.00	22.6	24.4	55	-1.4	1.1	1.8	55
15	123110	5147.8088	10423.3356	 451.0	  -4.0	3246	  963.4	 23.8	  961.6	 -8.6	5.48	14.98	5.16	18.75	2.64	28.50	-5.25	22.6	24.3	56	-1.4	1.1	1.8	56
15	123210	5147.8088	10423.3356	 450.9	  -4.1	3246	  963.4	 23.8	  961.6	 -8.6	2.74	14.98	5.15	18.76	2.57	28.50	-5.25	22.6	24.3	57	-1.4	1.1	1.8	57
15	123310	5147.8089	10423.3356	 451.0	  -4.0	3246	  963.3	 23.8	  961.1	 -8.6	2.74	14.98	5.16	18.75	2.65	28.25	-5.25	22.6	24.4	58	-1.4	1.1	1.8	58
15	123410	5147.8088	10423.3356	 450.9	  -4.1	3246	  963.3	 23.8	  961.4	 -8.6	8.22	14.98	5.16	18.74	2.67	28.50	-5.25	22.6	24.4	59	-1.4	1.1	1.8	59
15	123510	5147.8089	10423.3357	 450.9	  -4.1	3246	  963.2	 23.8	  961.2	 -8.7	8.22	14.98	5.15	18.76	2.62	28.50	-5.25	22.6	24.5	60	-1.4	1.1	1.8	60
15	123610	5147.8089	10423.3357	 450.7	  -4.3	3246	  963.2	 23.9	  961.2	 -8.8	5.48	14.98	5.16	18.76	2.60	28.00	-5.25	22.6	24.5	61	-1.4	1.1	1.8	61
15	123710	5147.8089	10423.3358	 450.6	  -4.4	3242	  963.3	 23.9	  961.3	 -8.8	8.22	14.99	5.15	18.75	2.67	28.25	-5.50	22.7	24.4	62	-1.4	1.2	1.8	62
15	123810	5147.8088	10423.3359	 450.4	  -4.6	3246	  963.3	 23.9	  961.2	 -8.8	5.48	14.98	5.16	18.76	2.54	28.50	-5.25	22.6	24.4	63	-1.4	1.1	1.8	63
15	123910	5147.8089	10423.3360	 450.2	  -4.8	3246	  963.2	 23.9	  961.2	 -8.9	5.48	14.98	5.15	18.76	2.60	28.50	-5.50	22.6	24.6	64	-1.4	1.1	1.8	64
15	124010	5147.8089	10423.3360	 450.2	  -4.8	3246	  963.2	 24.0	  961.6	 -8.9	2.74	14.98	5.16	18.76	2.67	28.50	-5.50	22.8	24.5	65	-1.4	1.1	1.8	65
15	124110	5147.8089	10423.3360	 450.2	  -4.8	3246	  963.3	 24.0	  961.4	 -9.0	5.48	14.98	5.16	18.75	2.59	28.75	-5.25	22.7	24.6	66	-1.4	1.1	1.8	66
15	124210	5147.8090	10423.3359	 450.3	  -4.7	3251	  963.5	 24.0	  961.4	 -9.0	8.22	14.97	5.15	18.76	2.62	28.25	-5.25	22.8	24.5	67	-1.4	1.1	1.8	67
15	124310	5147.8090	10423.3359	 450.4	  -4.6	3246	  963.5	 24.0	  961.7	 -9.0	2.74	14.98	5.16	18.75	2.64	28.50	-5.50	22.8	24.6	68	-1.4	1.2	1.8	68
15	124410	5147.8090	10423.3359	 450.4	  -4.6	3246	  963.4	 24.0	  961.4	 -9.0	2.74	14.98	5.15	18.76	2.62	28.50	-5.75	22.8	24.6	69	-1.4	1.1	1.8	69
15	124510	5147.8090	10423.3358	 450.5	  -4.5	3246	  963.4	 24.1	  961.4	 -9.0	2.74	14.97	5.15	18.76	2.57	28.50	-5.50	22.8	24.6	70	-1.4	1.1	1.8	70
15	124610	5147.8090	10423.3358	 450.5	  -4.5	3246	  963.4	 24.1	  961.2	 -9.0	2.74	14.98	5.15	18.76	2.60	28.25	-5.50	22.8	24.6	71	-1.4	1.1	1.8	71
15	124710	5147.8089	10423.3358	 450.5	  -4.5	3246	  963.5	 24.1	  961.5	 -9.0	5.48	14.98	5.16	18.76	2.64	28.50	-5.50	22.9	24.6	72	-1.4	1.1	1.8	72
15	124810	5147.8089	10423.3357	 450.5	  -4.5	3246	  963.5	 24.1	  961.2	 -9.1	5.48	14.98	5.15	18.76	2.64	28.75	-5.50	22.8	24.7	73	-1.4	1.2	1.8	73
15	124910	5147.8088	10423.3357	 450.6	  -4.4	3246	  963.5	 24.1	  961.5	 -9.0	0.00	14.98	5.16	18.75	2.62	28.50	-5.50	22.9	24.6	74	-1.4	1.2	1.8	74
15	125010	5147.8088	10423.3358	 450.7	  -4.3	3246	  963.5	 24.1	  961.2	 -9.0	2.74	14.98	5.16	18.76	2.62	28.75	-5.50	22.8	24.7	75	-1.4	1.1	1.8	75
15	125110	5147.8088	10423.3358	 450.9	  -4.1	3246	  963.4	 24.1	  961.6	 -9.0	2.74	14.98	5.16	18.76	2.64	28.50	-5.50	23.0	24.8	76	-1.4	1.2	1.8	76
15	125210	5147.8087	10423.3358	 450.9	  -4.1	3246	  963.5	 24.2	  961.5	 -9.0	5.48	14.98	5.16	18.75	2.67	28.50	-6.00	22.9	24.8	77	-1.4	1.2	1.8	77
15	125310	5147.8087	10423.3357	 450.8	  -4.2	3246	  963.5	 24.2	  961.5	 -9.0	5.48	14.98	5.16	18.75	2.60	28.75	-5.75	22.8	24.8	78	-1.4	1.2	1.8	78
15	125410	5147.8087	10423.3358	 450.7	  -4.3	3246	  963.4	 24.2	  961.5	 -9.0	5.48	14.98	5.15	18.75	2.65	28.75	-5.50	23.0	24.7	79	-1.4	1.2	1.8	79
15	125510	5147.8087	10423.3359	 450.3	  -4.7	3242	  963.5	 24.2	  961.4	 -8.9	2.74	14.98	5.15	18.75	2.60	28.50	-5.75	23.0	24.7	80	-1.4	1.2	1.8	80
15	125610	5147.8088	10423.3359	 450.0	  -5.0	3246	  963.4	 24.2	  961.4	 -8.9	5.48	14.97	5.16	18.75	2.60	28.75	-6.00	23.0	24.7	81	-1.4	1.2	1.8	81
15	125710	5147.8088	10423.3359	 449.7	  -5.3	3246	  963.4	 24.2	  961.2	 -9.0	2.74	14.98	5.16	18.76	2.60	28.75	-6.00	23.0	24.8	82	-1.4	1.2	1.8	82
15	125810	5147.8088	10423.3358	 449.5	  -5.5	3246	  963.5	 24.3	  961.4	 -9.0	2.74	14.98	5.16	18.76	2.64	28.75	-6.00	23.0	24.8	83	-1.4	1.2	1.8	83
15	125910	5147.8088	10423.3358	 449.5	  -5.5	3246	  963.4	 24.3	  961.4	 -9.1	5.48	14.98	5.16	18.76	2.62	28.75	-6.00	23.0	26.7	84	-1.4	1.2	1.8	84
15	130010	5147.8088	10423.3357	 449.5	  -5.5	3246	  963.4	 24.3	  961.4	 -9.2	5.48	14.98	5.16	18.76	2.62	28.75	-5.75	23.0	24.8	85	-1.4	1.2	1.8	85
15	130110	5147.8087	10423.3356	 449.4	  -5.6	3246	  963.5	 24.3	  961.5	 -9.3	5.48	14.98	5.16	18.76	2.62	28.75	-6.00	22.9	24.8	86	-1.4	1.2	1.8	86
15	130210	5147.8087	10423.3355	 449.3	  -5.7	3251	  963.5	 24.3	  961.6	 -9.4	2.74	14.98	5.15	18.76	2.62	29.00	-5.75	23.1	24.9	87	-1.4	1.2	1.8	87
15	130310	5147.8086	10423.3355	 449.1	  -5.9	3246	  963.5	 24.3	  961.6	 -9.6	5.48	14.98	5.16	18.76	2.65	29.00	-5.50	23.0	24.8	88	-1.4	1.2	1.8	88
15	130410	5147.8087	10423.3354	 449.0	  -6.0	3246	  963.5	 24.3	  961.5	 -9.7	2.74	14.98	5.16	18.76	2.60	29.00	-5.75	23.0	24.8	89	-1.4	1.2	1.8	89
15	130510	5147.8087	10423.3355	 448.9	  -6.1	3246	  963.4	 24.3	  961.4	 -9.8	5.48	14.98	5.15	18.75	2.68	28.75	-6.00	23.1	24.9	90	-1.4	1.2	1.8	90
15	130610	5147.8087	10423.3354	 448.8	  -6.2	3246	  963.4	 24.4	  961.4	 -9.9	8.22	14.98	5.16	18.76	2.57	28.75	-6.00	23.2	24.8	91	-1.4	1.2	1.8	91
15	130710	5147.8088	10423.3355	 448.7	  -6.3	3246	  963.3	 24.4	  961.3	 -9.9	5.48	14.98	5.16	18.76	2.65	28.75	-6.00	23.0	24.9	92	-1.4	1.2	1.8	92
15	130810	5147.8088	10423.3356	 448.6	  -6.4	3246	  963.1	 24.4	  961.0	 -9.9	2.74	14.98	5.16	18.75	2.64	28.50	-6.25	23.1	24.9	93	-1.4	1.2	1.8	93
15	130910	5147.8087	10423.3356	 448.6	  -6.4	3246	  963.1	 24.4	  961.1	 -9.8	2.74	14.98	5.16	18.76	2.62	28.75	-6.00	23.2	24.9	94	-1.4	1.2	1.8	94
15	131010	5147.8088	10423.3354	 448.7	  -6.3	3246	  963.3	 24.4	  961.2	 -9.7	5.48	14.97	5.16	18.76	2.67	29.00	-6.00	23.2	24.9	95	-1.4	1.2	1.8	95
15	131110	5147.8156	10423.3198	 448.2	  -6.8	3093	  963.4	 24.4	  961.4	 -9.6	2.74	14.98	5.15	18.77	2.62	29.00	-6.25	23.2	24.9	96	-0.4	1.2	1.3	96
15	131210	5147.8155	10423.3198	 447.7	  -7.3	3093	  963.4	 24.4	  961.4	 -9.5	2.74	14.98	5.15	18.76	2.60	29.00	-6.50	23.2	25.0	97	-0.4	1.2	1.3	97
15	131310	5147.8154	10423.3198	 447.8	  -7.2	3093	  963.3	 24.4	  961.2	 -9.5	5.48	14.98	5.16	18.77	2.62	28.75	-6.50	23.3	24.9	98	-0.4	1.2	1.3	98
15	131410	5147.8154	10423.3198	 447.9	  -7.1	3102	  963.4	 24.5	  961.4	 -9.4	5.48	14.98	5.15	18.77	2.59	28.75	-6.25	23.2	25.0	99	-0.4	1.2	1.3	99
15	131510	5147.8153	10423.3198	 448.0	  -7.0	2823	  963.3	 24.5	  961.2	 -9.4	5.48	14.98	5.15	18.78	2.54	28.75	-6.25	23.3	25.0	100	-0.3	1.2	1.3	100
15	131610	5147.8164	10423.3189	 448.8	  -6.2	2669	  963.4	 24.5	  961.3	 -9.3	5.48	14.97	5.16	18.77	2.62	28.75	-6.50	23.3	25.0	101	-0.5	1.0	1.1	101
15	131710	5147.8164	10423.3188	 449.0	  -6.0	2668	  963.4	 24.5	  961.4	 -9.2	-2.74	14.98	5.16	18.77	2.60	29.25	-6.25	23.2	25.0	102	-0.5	1.4	1.5	102
15	131810	5147.8163	10423.3254	 458.0	   3.0	1337	  961.9	 24.5	  959.6	 -9.2	-5.48	14.98	5.16	18.76	2.60	29.00	-6.25	23.4	25.0	103	-2.9	1.0	3.0	103
15	131910	5147.8169	10423.3269	 475.8	  20.8	1071	  959.2	 24.5	  957.0	 -9.0	-2.74	14.98	5.16	18.77	2.59	29.00	-6.25	23.3	25.1	104	-2.9	1.0	3.1	104
15	132010	5147.8194	10423.3253	 506.9	  51.9	 798	  956.6	 24.5	  954.3	 -8.9	2.74	14.98	5.16	18.77	2.67	29.00	-6.25	23.3	25.1	105	-2.8	1.1	3.0	105
15	132110	5147.8197	10423.3257	 528.3	  73.3	 928	  953.9	 24.6	  951.6	 -8.7	8.22	14.98	5.15	18.77	2.62	29.00	-6.50	23.3	25.1	106	-2.9	1.0	3.1	106
15	132210	5147.8193	10423.3261	 547.0	  92.0	 967	  951.3	 24.6	  949.5	 -8.5	16.44	14.98	5.15	18.76	2.62	28.75	-6.00	23.4	25.0	107	-2.9	1.0	3.1	107
15	132310	5147.8196	10423.3263	 563.0	 108.0	 967	  950.2	 24.6	  948.0	 -8.4	19.18	14.98	5.15	18.76	2.62	29.00	-6.50	23.4	25.1	108	-2.9	1.0	3.1	108
15	132410	5147.8197	10423.3261	 564.5	 109.5	 894	  950.1	 24.6	  948.1	 -8.3	19.18	14.98	5.16	18.76	2.65	29.00	-6.00	23.4	25.0	109	-2.9	1.1	3.1	109
15	132510	5147.8198	10423.3261	 564.1	 109.1	 839	  949.9	 24.6	  947.9	 -8.3	19.18	14.98	5.15	18.77	2.59	29.25	-6.00	23.4	25.1	110	-3.1	1.0	3.2	110
15	132610	5147.8199	10423.3261	 564.3	 109.3	 799	  948.4	 24.6	  946.3	 -8.2	24.66	14.98	5.16	18.77	2.59	29.25	-6.00	23.4	25.1	111	-2.9	1.0	3.1	111
15	132710	5147.8200	10423.3261	 565.3	 110.3	 682	  946.6	 24.6	  944.9	 -8.1	35.62	14.98	5.16	18.77	2.64	29.00	-6.00	23.4	25.1	112	-3.0	1.0	3.1	112
15	132810	5147.8200	10423.3260	 566.5	 111.5	 546	  944.7	 24.7	  942.9	 -8.1	49.32	14.99	5.16	18.77	2.60	29.00	-5.75	23.4	25.2	113	-2.9	1.1	3.1	113
15	132910	5147.8200	10423.3260	 573.7	 118.7	 546	  942.8	 24.7	  941.4	 -8.1	63.02	14.98	5.15	18.77	2.59	29.25	-6.00	23.4	25.2	114	-2.9	1.0	3.1	114
15	133010	5147.8203	10423.3260	 588.3	 133.3	 486	  941.0	 24.7	  939.5	 -8.1	76.72	14.98	5.16	18.76	2.64	29.00	-6.00	23.5	25.1	115	-3.0	1.0	3.2	115
15	133110	5147.8207	10423.3259	 602.1	 147.1	 450	  939.3	 24.7	  937.8	 -8.1	93.16	14.98	5.16	18.77	2.57	28.75	-6.00	23.5	25.2	116	-3.0	1.0	3.2	116
15	133210	5147.8207	10423.3253	 615.7	 160.7	 412	  937.4	 24.7	  935.7	 -8.1	104.12	14.98	5.15	18.77	2.56	29.00	-5.75	23.5	25.2	117	-2.9	1.0	3.1	117
15	133310	5147.8208	10423.3250	 630.4	 175.4	 399	  935.5	 24.8	  933.9	 -8.1	120.56	14.98	5.16	18.77	2.60	29.25	-5.75	23.5	25.3	118	-2.9	1.0	3.1	118
15	133410	5147.8211	10423.3251	 645.5	 190.5	 445	  933.9	 24.8	  932.2	 -8.2	131.52	14.98	5.16	18.78	2.59	29.00	-5.75	23.6	25.2	119	-3.0	1.0	3.2	119
15	133510	5147.8211	10423.3252	 661.9	 206.9	 486	  932.0	 24.8	  930.4	 -8.2	145.22	14.98	5.15	18.77	2.53	29.50	-6.00	23.6	25.3	120	-3.0	1.0	3.1	120
15	133610	5147.8209	10423.3249	 677.7	 222.7	 335	  930.2	 24.8	  928.5	 -8.3	158.92	14.98	5.15	18.77	2.56	29.25	-6.25	23.6	25.3	121	-2.9	1.0	3.1	121
15	133710	5147.8212	10423.3247	 692.3	 237.3	 421	  928.5	 24.9	  926.7	 -8.3	175.36	14.98	5.15	18.77	2.60	29.25	-6.25	23.6	25.3	122	-3.0	1.0	3.2	122
15	133810	5147.8201	10423.3226	 737.9	 282.9	 182	  926.7	 24.9	  924.8	 -8.4	186.32	14.98	5.16	18.76	2.65	29.25	-6.00	23.6	25.3	123	-2.9	1.0	3.1	123
15	133910	5147.8264	10423.3132	 763.8	 308.8	3593	  924.8	 24.9	  923.2	 -8.4	200.02	14.98	5.15	18.77	2.60	29.25	-6.00	23.6	25.4	124	-3.0	1.0	3.2	124
15	134010	5147.8239	10423.3197	 767.3	 312.3	 276	  924.6	 24.9	  923.0	 -8.5	205.50	14.98	5.15	18.76	2.62	29.25	-6.25	23.7	25.4	125	-3.0	1.0	3.2	125
15	134110	5147.8242	10423.3227	 767.4	 312.4	 281	  924.7	 24.9	  922.9	 -8.6	213.72	14.98	5.15	18.77	2.62	29.25	-6.00	23.7	25.4	126	-3.0	1.0	3.2	126
15	134210	5147.8241	10423.3160	 767.9	 312.9	3579	  924.5	 24.9	  922.8	 -8.6	210.98	14.98	5.15	18.76	2.59	29.50	-6.25	23.6	25.4	127	-3.0	1.0	3.2	127
15	134310	5147.8230	10423.3215	 768.1	 313.1	 206	  924.6	 24.9	  922.9	 -8.6	216.46	14.98	5.15	18.77	2.62	29.25	-6.00	23.6	25.4	128	-3.0	1.0	3.2	128
15	134410	5147.8229	10423.3211	 768.1	 313.1	  98	  924.5	 25.0	  922.9	 -8.7	210.98	14.97	5.15	18.77	2.62	29.50	-6.00	23.7	25.4	129	-2.9	1.0	3.1	129
15	134510	5147.8221	10423.3167	 768.1	 313.1	   6	  924.5	 25.0	  922.7	 -8.7	219.20	14.98	5.16	18.77	2.56	29.25	-6.25	23.7	25.3	130	-2.9	1.0	3.1	130
15	134610	5147.8211	10423.3261	 767.2	 312.2	 621	  924.5	 25.0	  922.6	 -8.8	213.72	14.98	5.15	18.77	2.59	29.50	-6.00	23.6	25.4	131	-2.9	1.0	3.1	131
15	134710	5147.8224	10423.3229	 767.8	 312.8	 353	  924.4	 25.0	  922.6	 -8.8	210.98	14.98	5.16	18.77	2.62	29.25	-6.00	23.7	25.4	132	-2.9	1.1	3.1	132
15	134810	5147.8219	10423.3176	 768.7	 313.7	 105	  924.4	 25.0	  922.6	 -8.8	210.98	14.97	5.16	18.76	2.65	29.50	-6.25	23.6	25.5	133	-2.9	1.0	3.1	133
15	134910	5147.8224	10423.3232	 768.3	 313.3	 409	  924.4	 25.0	  922.8	 -8.7	216.46	14.98	5.15	18.76	2.60	29.50	-6.25	23.7	25.4	134	-2.9	1.1	3.1	134
15	135010	5147.8225	10423.3183	 768.8	 313.8	   6	  924.4	 25.0	  922.5	 -8.7	216.46	14.98	5.15	18.76	2.64	29.25	-6.25	23.8	25.4	135	-2.9	1.1	3.1	135
15	135110	5147.8227	10423.3184	 768.8	 313.8	  40	  924.4	 25.0	  922.5	 -8.7	213.72	14.98	5.15	18.77	2.60	29.50	-6.25	23.7	25.5	136	-3.0	1.1	3.1	136
15	135210	5147.8228	10423.3185	 768.8	 313.8	 149	  924.4	 25.1	  922.5	 -8.7	219.20	14.98	5.16	18.76	2.67	29.25	-6.75	23.8	25.5	137	-2.9	1.0	3.1	137
15	135310	5147.8229	10423.3188	 768.8	 313.8	 260	  924.5	 25.1	  922.7	 -8.7	219.20	14.97	5.15	18.77	2.62	29.50	-6.25	23.8	25.5	138	-2.9	1.0	3.1	138
15	135410	5147.8229	10423.3192	 768.9	 313.9	 295	  924.5	 25.1	  922.6	 -8.7	216.46	14.98	5.15	18.77	2.56	29.50	-6.00	23.8	25.5	139	-2.9	1.0	3.1	139
15	135510	5147.8229	10423.3195	 768.8	 313.8	 235	  924.4	 25.1	  922.5	 -8.7	213.72	14.97	5.15	18.77	2.64	29.25	-6.00	23.8	25.5	140	-3.0	1.0	3.1	140
15	135610	5147.8228	10423.3199	 768.9	 313.9	 454	  924.4	 25.1	  922.6	 -8.8	213.72	14.98	5.16	18.77	2.60	29.75	-6.25	23.8	25.5	141	-2.9	1.1	3.1	141
15	135710	5147.8238	10423.3243	 769.1	 314.1	 482	  924.5	 25.1	  922.7	 -8.8	210.98	14.98	5.16	18.77	2.64	29.75	-6.25	23.7	25.5	142	-2.9	1.0	3.1	142
15	135810	5147.8234	10423.3226	 768.9	 313.9	 421	  924.4	 25.1	  922.5	 -8.8	208.24	14.98	5.16	18.77	2.62	29.75	-6.25	23.9	25.5	143	-2.9	1.0	3.1	143
15	135910	5147.8259	10423.3233	 769.3	 314.3	 387	  924.4	 25.1	  922.8	 -8.8	205.50	14.98	5.16	18.77	2.60	29.75	-6.50	23.9	25.6	144	-3.0	1.0	3.2	144
15	140010	5147.8256	10423.3230	 769.4	 314.4	 425	  924.5	 25.1	  922.5	 -8.8	208.24	14.97	5.15	18.76	2.64	29.50	-6.25	23.8	25.6	145	-3.0	1.0	3.2	145
15	140110	5147.8255	10423.3229	 769.5	 314.5	 273	  924.4	 25.2	  922.6	 -8.8	208.24	14.98	5.16	18.77	2.62	29.50	-6.50	23.9	25.6	146	-3.0	1.1	3.2	146
15	140210	5147.8249	10423.3262	 769.7	 314.7	 553	  924.4	 25.2	  922.6	 -8.7	208.24	14.98	5.16	18.77	2.59	29.75	-6.25	23.8	25.6	147	-3.0	1.0	3.2	147
15	140310	5147.8269	10423.3298	 769.8	 314.8	 494	  924.5	 25.2	  922.7	 -8.8	208.24	14.98	5.16	18.77	2.65	29.50	-6.50	23.9	25.7	148	-3.0	1.1	3.2	148
15	140410	5147.8239	10423.3234	 770.6	 315.6	 331	  924.3	 25.2	  922.5	 -8.7	210.98	14.98	5.16	18.77	2.59	29.75	-6.50	23.9	25.6	149	-3.0	1.1	3.2	149
15	140510	5147.8256	10423.3239	 770.8	 315.8	 367	  924.3	 25.2	  922.5	 -8.7	213.72	14.98	5.15	18.77	2.60	29.50	-6.25	23.8	25.6	150	-3.0	1.0	3.2	150
15	140610	5147.8281	10423.3258	 773.0	 318.0	 400	  924.3	 25.2	  922.5	 -8.7	219.20	14.98	5.15	18.76	2.64	29.75	-6.25	23.8	25.6	151	-3.0	1.0	3.2	151
15	140710	5147.8252	10423.3270	 772.1	 317.1	 513	  924.4	 25.2	  922.4	 -8.7	216.46	14.98	5.15	18.77	2.67	29.75	-6.25	23.9	25.6	152	-3.0	1.0	3.2	152
15	140810	5147.8220	10423.3273	 771.0	 316.0	 629	  924.3	 25.2	  922.2	 -8.7	221.94	14.98	5.15	18.77	2.60	29.50	-6.50	23.9	25.6	153	-3.0	1.1	3.2	153
15	140910	5147.8239	10423.3322	 775.6	 320.6	 686	  923.6	 25.3	  921.8	 -8.7	224.68	14.98	5.15	18.76	2.64	29.75	-6.50	23.9	25.7	154	-2.9	1.1	3.1	154
15	141010	5147.8254	10423.3240	 786.8	 331.8	 229	  922.1	 25.3	  920.3	 -8.7	235.64	14.98	5.16	18.77	2.59	29.50	-6.00	23.9	25.6	155	-3.0	1.0	3.2	155
15	141110	5147.8288	10423.3339	 798.0	 343.0	 593	  920.7	 25.3	  918.9	 -8.6	252.08	14.98	5.16	18.77	2.59	29.75	-6.25	24.0	25.7	156	-3.3	0.9	3.4	156
15	141210	5147.8306	10423.3576	 808.4	 353.4	 798	  919.6	 25.3	  918.0	 -8.4	298.66	14.97	5.16	18.76	2.59	29.75	-6.25	23.9	25.6	157	-4.6	0.9	4.6	157
15	141310	5147.8389	10423.3842	 815.1	 360.1	1010	  918.8	 25.3	  917.5	 -7.8	345.24	14.98	5.16	18.77	2.59	29.75	-6.00	24.0	25.7	158	-5.1	0.3	5.1	158
15	141410	5147.8547	10423.4133	 818.1	 363.1	1003	  918.4	 25.3	  916.7	 -6.9	408.26	14.98	5.15	18.77	2.64	30.00	-6.25	23.9	25.7	159	-6.0	0.2	6.0	159
15	141510	5147.8469	10423.4162	 830.2	 375.2	 986	  917.0	 25.3	  916.1	 -5.6	430.18	14.98	5.16	18.77	2.62	29.75	-6.25	24.0	25.6	160	-5.6	-0.7	5.6	160
15	141610	5147.8479	10423.4114	 845.3	 390.3	1080	  915.8	 25.4	  914.7	 -4.5	484.98	14.98	5.16	18.77	2.57	29.75	-6.00	24.0	25.7	161	-6.3	-0.7	6.4	161
15	141710	5147.8551	10423.4253	 851.2	 396.2	1037	  914.9	 25.4	  913.3	 -3.2	542.52	14.98	5.16	18.76	2.64	30.00	-5.75	24.0	25.6	162	-8.4	-0.9	8.5	162
15	141810	5147.8565	10423.4396	 849.2	 394.2	1133	  915.0	 25.4	  914.1	 -1.8	580.88	14.98	5.15	18.77	2.65	30.00	-5.50	24.0	25.6	163	-9.2	-1.2	9.3	163
15	141910	5147.8546	10423.4463	 848.1	 393.1	1048	  915.2	 25.4	  914.6	 -0.4	564.44	14.98	5.16	18.77	2.64	30.00	-5.25	24.0	25.6	164	-9.9	-1.1	9.9	164
15	142010	5147.8401	10423.4526	 848.6	 393.6	1199	  915.2	 25.4	  914.1	  0.7	578.14	14.98	5.16	18.77	2.54	30.00	-4.50	24.0	25.4	165	-9.8	-1.3	9.8	165
15	142110	5147.8383	10423.4557	 848.5	 393.5	1120	  915.3	 25.5	  914.7	  1.4	575.40	14.98	5.16	18.76	2.62	29.75	-4.50	24.0	25.4	166	-10.1	-1.4	10.1	166
15	142210	5147.8330	10423.4554	 849.3	 394.3	1114	  915.2	 25.5	  914.8	  2.2	649.38	14.98	5.15	18.76	2.70	29.75	-4.00	23.9	25.2	167	-10.9	-0.9	10.9	167
15	142310	5147.8410	10423.4538	 847.4	 392.4	1157	  915.2	 25.5	  914.4	  2.6	709.66	14.98	5.16	18.75	2.70	30.25	-3.75	24.1	25.4	168	-10.9	-1.0	10.9	168
15	142410	5147.8402	10423.4549	 848.4	 393.4	1117	  915.2	 25.5	  914.7	  2.8	635.68	14.98	5.15	18.76	2.65	30.00	-3.00	24.0	25.1	169	-11.5	0.1	11.5	169
15	142510	5147.8403	10423.4503	 849.9	 394.9	1171	  915.0	 25.5	  914.4	  3.1	646.64	14.98	5.16	18.76	2.64	30.25	-2.50	24.0	25.1	170	-9.5	-1.3	9.6	170
15	142610	5147.8419	10423.4445	 851.9	 396.9	1117	  914.8	 25.5	  914.1	  3.1	663.08	14.98	5.15	18.76	2.62	30.00	-2.00	24.2	25.1	171	-9.5	-0.9	9.5	171
15	142710	5147.8400	10423.4529	 849.7	 394.7	1109	  915.1	 25.5	  914.5	  3.1	709.66	14.98	5.15	18.76	2.60	30.50	-1.75	24.1	25.1	172	-10.6	-2.2	10.8	172
15	142810	5147.8375	10423.4510	 850.7	 395.7	1149	  914.8	 25.5	  914.4	  3.1	698.70	14.98	5.15	18.76	2.57	30.00	-1.00	24.1	25.1	173	-10.1	-2.0	10.3	173
15	142910	5147.8425	10423.4512	 849.7	 394.7	1176	  915.0	 25.5	  914.7	  3.1	704.18	14.98	5.16	18.76	2.65	30.50	-1.00	24.1	24.9	174	-10.3	-0.3	10.3	174
15	143010	5147.8399	10423.4636	 846.5	 391.5	1272	  915.5	 25.5	  914.7	  3.1	701.44	14.97	5.15	18.77	2.64	30.25	-0.25	24.1	25.0	175	-11.8	-1.9	12.0	175
15	143110	5147.8425	10423.4449	 851.6	 396.6	1104	  914.5	 25.4	  914.0	  3.2	709.66	14.98	5.16	18.77	2.56	30.25	-0.25	24.1	24.9	176	-9.9	-2.0	10.1	176
15	143210	5147.8369	10423.4450	 852.4	 397.4	1180	  914.4	 25.4	  913.9	  3.0	709.66	14.97	5.16	18.76	2.60	30.25	0.25	24.1	24.9	177	-10.3	-2.0	10.4	177
15	143310	5147.8407	10423.4402	 854.2	 399.2	1226	  914.3	 25.4	  913.6	  2.8	701.44	14.98	5.15	18.77	2.59	30.00	0.50	24.1	24.9	178	-10.0	-1.2	10.1	178
15	143410	5147.8395	10423.4419	 852.9	 397.9	1151	  914.4	 25.4	  913.7	  2.5	671.30	14.98	5.15	18.77	2.59	30.00	0.50	24.1	25.0	179	-10.0	-0.9	10.0	179
15	143510	5147.8387	10423.4361	 855.3	 400.3	1012	  914.0	 25.4	  913.2	  2.3	695.96	14.98	5.16	18.76	2.64	30.25	0.75	24.1	24.9	180	-9.2	-1.3	9.3	180
15	143610	5147.8417	10423.4344	 857.5	 402.5	1222	  914.1	 25.4	  913.5	  2.0	709.66	14.98	5.16	18.76	2.65	30.25	1.00	24.2	25.0	181	-8.7	-2.6	9.0	181
15	143710	5147.8405	10423.4374	 856.8	 401.8	1121	  914.2	 25.4	  913.5	  1.6	679.52	14.98	5.16	18.76	2.60	30.25	1.00	24.2	24.9	182	-9.3	-1.7	9.4	182
15	143810	5147.8409	10423.4393	 855.4	 400.4	1015	  914.3	 25.4	  914.0	  1.4	649.38	14.98	5.16	18.77	2.59	30.50	1.25	24.1	25.0	183	-9.7	0.5	9.7	183
15	143910	5147.8368	10423.4473	 852.5	 397.5	1084	  914.5	 25.4	  913.8	  1.4	657.60	14.98	5.16	18.77	2.60	30.25	1.25	24.2	24.8	184	-10.5	-1.3	10.6	184
15	144010	5147.8379	10423.4498	 851.3	 396.3	1116	  914.6	 25.4	  914.2	  1.5	665.82	14.98	5.16	18.77	2.62	30.75	1.50	24.1	24.8	185	-10.7	-0.3	10.7	185
15	144110	5147.8314	10423.4532	 850.9	 395.9	1165	  914.7	 25.4	  914.6	  1.6	690.48	14.98	5.15	18.76	2.67	30.25	1.75	24.1	24.8	186	-10.1	-1.4	10.2	186
15	144210	5147.8321	10423.4610	 847.4	 392.4	1165	  915.1	 25.4	  914.5	  1.8	728.84	14.98	5.16	18.76	2.67	30.25	1.75	24.0	24.8	187	-12.1	-2.6	12.4	187
15	144310	5147.8351	10423.4568	 849.0	 394.0	1171	  914.8	 25.4	  914.4	  2.3	671.30	14.97	5.16	18.76	2.68	30.50	1.50	24.0	24.8	188	-12.2	0.5	12.2	188
15	144410	5147.8288	10423.4510	 851.7	 396.7	1132	  914.4	 25.4	  914.0	  2.6	731.58	14.98	5.16	18.78	2.59	30.25	1.75	24.1	24.6	189	-10.8	-0.1	10.8	189
15	144510	5147.8272	10423.4500	 854.1	 399.1	1073	  914.5	 25.4	  913.7	  2.6	687.74	14.98	5.16	18.76	2.64	30.25	2.00	24.0	24.6	190	-9.2	2.0	9.5	190
15	144610	5147.8342	10423.4543	 852.9	 397.9	1168	  914.7	 25.4	  914.1	  2.6	668.56	14.98	5.16	18.76	2.57	30.00	2.25	24.0	24.7	191	-11.2	1.3	11.3	191
15	144710	5147.8307	10423.4574	 851.9	 396.9	1137	  914.8	 25.3	  914.3	  2.6	635.68	14.97	5.16	18.77	2.60	30.25	2.25	24.1	24.6	192	-10.7	-0.2	10.7	192
15	144810	5147.8316	10423.4514	 854.4	 399.4	1474	  914.5	 25.3	  913.8	  2.6	676.78	14.98	5.15	18.76	2.67	30.25	2.25	24.0	24.6	193	-10.5	-2.3	10.8	193
15	144910	5147.8344	10423.4481	 854.9	 399.9	1095	  914.5	 25.3	  913.7	  2.5	676.78	14.98	5.15	18.76	2.54	30.00	2.50	24.0	24.5	194	-11.4	-0.0	11.4	194
15	145010	5147.8282	10423.4537	 853.2	 398.2	1276	  914.6	 25.3	  914.0	  2.3	706.92	14.98	5.16	18.77	2.59	30.25	2.50	23.9	24.6	195	-10.1	-2.2	10.3	195
15	145110	5147.8214	10423.4588	 852.1	 397.1	1341	  914.7	 25.3	  914.3	  2.3	720.62	14.98	5.16	18.77	2.59	30.25	2.25	24.0	24.5	196	-11.4	-1.7	11.5	196
15	145210	5147.8231	10423.4579	 853.3	 398.3	1287	  914.6	 25.3	  914.2	  2.3	624.72	14.98	5.16	18.77	2.60	30.25	2.75	24.0	24.5	197	-11.1	-0.7	11.1	197
15	145310	5147.8296	10423.4544	 853.3	 398.3	1215	  914.5	 25.2	  914.0	  2.3	687.74	14.98	5.15	18.76	2.60	30.25	2.50	23.9	24.6	198	-10.5	-1.0	10.6	198
15	145410	5147.8253	10423.4575	 853.8	 398.8	1198	  914.6	 25.2	  914.2	  2.3	679.52	14.98	5.16	18.77	2.64	30.25	2.75	23.9	24.4	199	-11.1	-1.0	11.2	199
15	145510	5147.8217	10423.4611	 851.4	 396.4	1213	  914.8	 25.2	  914.4	  2.3	657.60	14.98	5.16	18.77	2.60	30.50	2.75	23.9	24.3	200	-11.9	-1.0	11.9	200
15	145610	5147.8247	10423.4612	 851.9	 396.9	1191	  914.7	 25.2	  914.6	  2.4	671.30	14.98	5.16	18.77	2.62	30.25	2.75	23.9	24.4	201	-11.7	-0.1	11.7	201
15	145710	5147.8141	10423.4718	 845.9	 390.9	1241	  915.3	 25.2	  914.7	  2.4	649.38	14.98	5.15	18.77	2.57	29.75	2.75	23.8	24.3	202	-12.4	-2.7	12.7	202
15	145810	5147.8251	10423.4602	 851.8	 396.8	1214	  914.6	 25.1	  914.0	  2.6	621.98	14.98	5.16	18.77	2.60	30.50	2.50	23.8	24.3	203	-12.4	-1.7	12.5	203
15	145910	5147.8183	10423.4655	 848.3	 393.3	1229	  914.8	 25.1	  914.3	  2.8	698.70	14.98	5.16	18.76	2.65	29.75	2.50	23.7	24.3	204	-11.4	-1.4	11.5	204
15	150010	5147.8257	10423.4686	 848.1	 393.1	1323	  915.0	 25.1	  914.7	  2.9	682.26	14.98	5.16	18.77	2.64	30.00	2.75	23.7	24.3	205	-12.1	-2.8	12.4	205
15	150110	5147.8202	10423.4621	 851.0	 396.0	1248	  914.7	 25.1	  914.3	  3.2	720.62	14.98	5.16	18.77	2.64	30.00	2.75	23.7	24.1	206	-11.0	-2.2	11.3	206
15	150210	5147.8192	10423.4700	 847.6	 392.6	1221	  915.0	 25.0	  915.2	  3.3	682.26	14.97	5.16	18.76	2.67	30.25	3.25	23.7	24.2	207	-11.6	-4.0	12.2	207
15	150310	5147.8112	10423.4718	 846.1	 391.1	1296	  915.1	 25.0	  915.1	  3.4	720.62	14.98	5.16	18.77	2.60	30.00	3.00	23.6	25.9	208	-13.7	-1.3	13.8	208
15	150410	5147.8239	10423.4603	 851.5	 396.5	 922	  914.6	 25.0	  914.9	  3.5	704.18	14.97	5.16	18.77	2.57	29.75	3.25	23.6	24.1	209	-13.8	-0.5	13.8	209
15	150510	5147.8282	10423.4609	 851.7	 396.7	1108	  914.5	 24.9	  914.6	  3.4	665.82	14.98	5.16	18.77	2.60	30.25	3.25	23.6	24.1	210	-10.6	-3.2	11.0	210
15	150610	5147.8402	10423.4534	 853.3	 398.3	1096	  914.2	 24.9	  913.9	  3.2	685.00	14.98	5.15	18.78	2.59	30.00	3.50	23.6	24.1	211	-9.1	-4.6	10.2	211
15	150710	5147.8279	10423.4716	 846.9	 391.9	1201	  915.1	 24.9	  914.6	  3.0	690.48	14.97	5.16	18.77	2.60	30.00	3.25	23.6	24.1	212	-12.3	3.8	12.9	212
15	150810	5147.8234	10423.4673	 848.9	 393.9	1209	  914.8	 24.9	  914.2	  2.8	605.54	14.98	5.15	18.77	2.60	29.75	3.25	23.6	24.0	213	-10.3	0.7	10.3	213
15	150910	5147.8176	10423.4544	 852.6	 397.6	 980	  914.3	 24.8	  914.0	  2.6	605.54	14.98	5.16	18.78	2.60	29.75	3.50	23.6	24.2	214	-10.2	1.3	10.3	214
15	151010	5147.8242	10423.4559	 852.8	 397.8	1190	  914.3	 24.8	  913.7	  2.5	638.42	14.97	5.15	18.78	2.60	29.75	3.50	23.5	24.2	215	-11.3	-0.3	11.3	215
15	151110	5147.8251	10423.4541	 854.6	 399.6	1274	  914.2	 24.8	  913.7	  2.5	621.98	14.98	5.15	18.77	2.64	29.75	3.50	23.5	24.0	216	-11.1	0.0	11.1	216
15	151210	5147.8211	10423.4549	 854.6	 399.6	1192	  914.2	 24.8	  913.6	  2.7	657.60	14.98	5.16	18.78	2.62	30.00	3.50	23.5	24.0	217	-11.3	2.6	11.6	217
15	151310	5147.8148	10423.4630	 849.9	 394.9	1153	  914.5	 24.8	  914.1	  2.8	627.46	14.98	5.16	18.78	2.57	29.75	3.50	23.5	24.1	218	-12.3	2.5	12.6	218
15	151410	5147.8182	10423.4581	 853.0	 398.0	1202	  914.3	 24.8	  914.0	  3.0	654.86	14.98	5.16	18.78	2.57	30.00	3.50	23.5	24.1	219	-12.0	-0.5	12.0	219
15	151510	5147.8190	10423.4551	 853.0	 398.0	1077	  914.2	 24.8	  914.0	  3.1	668.56	14.99	5.15	18.77	2.67	29.75	4.00	23.5	24.1	220	-11.4	-1.8	11.5	220
15	151610	5147.8238	10423.4517	 855.0	 400.0	1287	  914.0	 24.7	  914.1	  3.1	663.08	14.98	5.16	18.78	2.64	29.50	3.50	23.4	24.1	221	-10.2	2.5	10.5	221
15	151710	5147.8288	10423.4592	 850.9	 395.9	1333	  914.4	 24.7	  914.3	  3.0	654.86	14.98	5.16	18.77	2.65	29.75	3.75	23.4	24.1	222	-11.4	3.2	11.8	222
15	151810	5147.8176	10423.4665	 848.2	 393.2	1066	  914.7	 24.7	  914.4	  3.0	695.96	14.98	5.16	18.77	2.62	29.50	3.50	23.5	24.0	223	-12.6	-1.3	12.7	223
15	151910	5147.8126	10423.4727	 845.4	 390.4	1296	  915.0	 24.7	  914.9	  3.2	641.16	14.98	5.16	18.77	2.62	30.00	3.75	23.5	23.9	224	-13.8	-2.6	14.0	224
15	152739	5147.8165	10423.4646	 849.4	 394.4	1092	  914.4	 24.5	  915.0	  3.9	734.32	14.97	5.16	18.75	2.96	29.75	4.00	23.3	23.9	225	-12.4	2.4	12.6	225
15	152839	5147.8205	10423.4661	 848.6	 393.6	1417	  914.6	 24.5	  915.4	  3.9	742.54	14.97	5.16	18.75	2.87	29.75	4.00	23.3	23.8	226	-12.7	2.2	12.9	226
15	152939	5147.8102	10423.4727	 844.5	 389.5	1391	  915.0	 24.5	  915.5	  4.1	706.92	14.97	5.15	18.76	2.91	30.25	4.25	23.4	23.8	227	-13.9	0.2	13.9	227
15	153039	5147.8109	10423.4711	 845.2	 390.2	1399	  915.0	 24.5	  915.5	  4.2	676.78	14.97	5.16	18.75	2.87	29.75	4.00	23.4	23.8	228	-12.7	4.0	13.3	228
15	153240	5147.8156	10423.4687	 846.2	 391.2	1254	  914.7	 24.6	  914.7	  4.4	723.36	14.96	5.15	18.75	2.88	29.75	4.50	23.4	23.8	229	-11.0	0.5	11.0	229
15	153340	5147.8189	10423.4681	 847.2	 392.2	 923	  914.9	 24.6	  915.2	  4.2	690.48	14.97	5.16	18.75	2.88	29.75	4.50	23.3	23.9	230	-13.1	3.4	13.5	230
15	153440	5147.8084	10423.4771	 840.6	 385.6	1367	  915.3	 24.6	  915.6	  4.0	712.40	14.97	5.16	18.75	2.87	29.75	4.75	23.3	24.1	231	-14.2	-0.5	14.2	231
15	153540	5147.8029	10423.4762	 841.5	 386.5	1290	  915.4	 24.6	  915.9	  4.1	652.12	14.97	5.16	18.75	2.91	30.00	4.75	23.4	23.9	232	-14.4	0.0	14.4	232
15	153741	5147.8031	10423.4838	 835.4	 380.4	1582	  915.6	 24.6	  915.9	  4.6	674.04	14.97	5.15	18.75	2.88	30.00	4.75	23.3	23.9	233	-15.1	2.0	15.2	233
15	153841	5147.8073	10423.4819	 837.4	 382.4	1210	  915.6	 24.5	  915.4	  4.9	701.44	14.97	5.16	18.75	2.93	30.00	5.00	23.3	23.8	234	-14.8	5.4	15.7	234
15	153941	5147.8124	10423.4753	 842.5	 387.5	1186	  915.0	 24.5	  915.4	  5.0	674.04	14.97	5.16	18.75	2.88	30.25	5.25	23.3	23.7	235	-14.3	1.7	14.4	235
15	154041	5147.8145	10423.4664	 846.4	 391.4	1123	  914.5	 24.5	  914.6	  5.1	706.92	14.97	5.16	18.75	2.91	30.00	5.00	23.2	23.8	236	-13.7	-1.8	13.8	236
15	154243	5147.8140	10423.4813	 837.9	 382.9	1208	  915.5	 24.5	  915.3	  4.6	671.30	14.97	5.16	18.75	2.88	30.00	5.00	23.3	23.8	237	-12.8	3.3	13.2	237
15	154343	5147.8142	10423.4828	 837.0	 382.0	1181	  915.5	 24.6	  915.5	  4.7	657.60	14.97	5.16	18.75	2.93	29.75	5.00	23.4	23.8	238	-13.1	-3.9	13.6	238
15	154443	5147.8055	10423.4782	 837.1	 382.1	1102	  915.3	 24.6	  915.3	  4.9	690.48	14.97	5.16	18.75	2.91	30.00	5.25	23.3	23.8	239	-14.1	-2.8	14.3	239
15	154543	5147.8110	10423.4800	 837.8	 382.8	1146	  915.4	 24.6	  915.3	  5.1	660.34	14.97	5.16	18.75	2.90	30.00	5.25	23.4	23.8	240	-13.3	-4.0	13.9	240
15	154734	5147.8176	10423.4749	 838.7	 383.7	1206	  914.9	 24.6	  915.1	  5.2	657.60	14.97	5.16	18.74	2.90	30.25	5.50	23.3	23.8	241	-14.1	-2.8	14.3	241
15	154834	5147.8198	10423.4715	 839.5	 384.5	1011	  914.9	 24.6	  915.0	  5.1	627.46	14.97	5.15	18.75	2.90	30.00	5.75	23.4	23.9	242	-12.6	-2.0	12.8	242
15	154934	5147.8201	10423.4673	 843.1	 388.1	1238	  914.5	 24.6	  914.7	  4.7	641.16	14.97	5.16	18.74	2.93	30.25	5.25	23.4	23.8	243	-12.3	2.4	12.5	243
15	155034	5147.8150	10423.4711	 841.6	 386.6	1165	  914.8	 24.6	  915.0	  4.2	685.00	14.96	5.15	18.75	2.91	30.25	5.50	23.4	23.9	244	-13.4	-1.1	13.4	244
15	155245	5147.8129	10423.4797	 837.0	 382.0	1420	  915.3	 24.6	  915.8	  3.8	632.94	14.97	5.16	18.74	2.96	30.25	5.50	23.4	23.9	245	-13.7	-1.3	13.7	245
15	155345	5147.8078	10423.4862	 835.3	 380.3	1254	  915.6	 24.6	  915.8	  3.9	690.48	14.97	5.15	18.76	2.88	30.50	5.25	23.4	23.9	246	-13.5	-4.1	14.1	246
15	155445	5147.8069	10423.4829	 835.0	 380.0	1261	  915.6	 24.6	  916.1	  4.2	717.88	14.96	5.16	18.75	2.90	30.25	5.50	23.4	23.8	247	-14.6	-1.7	14.7	247
15	155545	5147.8077	10423.4862	 831.5	 376.5	1252	  915.7	 24.6	  915.9	  4.5	619.24	14.97	5.16	18.75	2.85	30.00	5.75	23.4	23.8	248	-14.5	-3.0	14.8	248
15	155746	5147.8077	10423.4823	 834.4	 379.4	1438	  915.5	 24.6	  915.7	  5.3	671.30	14.97	5.16	18.75	2.91	30.75	5.50	23.4	23.9	249	-14.2	3.3	14.6	249
15	155846	5147.8069	10423.4846	 832.1	 377.1	1395	  915.7	 24.6	  916.2	  5.6	638.42	14.97	5.16	18.75	2.88	30.00	5.50	23.5	23.8	250	-13.9	-3.7	14.3	250
15	155946	5147.8075	10423.4851	 832.9	 377.9	1184	  915.5	 24.6	  916.0	  5.8	674.04	14.97	5.16	18.75	2.94	30.50	5.25	23.4	23.8	251	-14.9	-3.0	15.2	251
15	160046	5147.8102	10423.4803	 835.0	 380.0	1389	  915.2	 24.6	  915.8	  5.9	671.30	14.96	5.16	18.75	2.94	30.00	5.75	23.4	23.9	252	-13.6	3.3	13.9	252
15	160247	5147.8119	10423.4828	 834.8	 379.8	1176	  915.3	 24.6	  915.8	  5.9	706.92	14.96	5.16	18.75	2.88	30.50	5.75	23.4	23.9	253	-14.9	-1.7	14.9	253
15	160347	5147.8077	10423.4781	 835.1	 380.1	1341	  915.0	 24.6	  915.8	  5.9	676.78	14.97	5.15	18.75	2.91	30.50	6.25	23.4	23.9	254	-14.0	3.3	14.3	254
15	160447	5147.8127	10423.4668	 841.1	 386.1	1055	  914.5	 24.6	  915.0	  5.9	679.52	14.97	5.15	18.74	2.94	30.50	6.00	23.5	23.9	255	-12.2	-3.0	12.6	255
15	160547	5147.8159	10423.4741	 837.4	 382.4	1354	  915.0	 24.7	  915.2	  5.6	668.56	14.97	5.16	18.73	2.94	30.50	6.25	23.4	23.9	256	-12.9	3.3	13.3	256
15	160749	5147.8145	10423.4724	 839.2	 384.2	1356	  914.9	 24.7	  915.3	  5.7	632.94	14.97	5.16	18.75	2.88	30.50	6.25	23.4	24.0	257	-12.7	3.3	13.1	257
15	160850	5147.8142	10423.4662	 842.9	 387.9	1395	  914.5	 24.7	  915.1	  5.7	643.90	14.96	5.15	18.75	2.94	30.25	6.50	23.5	24.0	258	-12.6	1.6	12.7	258
15	160950	5147.8191	10423.4674	 843.3	 388.3	1174	  914.6	 24.7	  915.1	  5.6	665.82	14.97	5.16	18.74	2.90	30.25	6.00	23.6	24.0	259	-12.4	1.8	12.5	259
15	161050	5147.8181	10423.4688	 842.8	 387.8	1071	  914.8	 24.8	  915.1	  5.5	641.16	14.97	5.16	18.76	2.79	30.25	6.25	23.7	24.0	260	-12.7	-1.5	12.8	260
15	161251	5147.8113	10423.4755	 837.0	 382.0	1328	  915.0	 24.8	  915.4	  5.6	709.66	14.97	5.16	18.75	2.84	30.00	6.50	23.6	24.1	261	-13.8	-2.6	14.0	261
15	161351	5147.8154	10423.4700	 841.3	 386.3	1376	  914.7	 24.8	  915.2	  5.8	657.60	14.96	5.16	18.75	2.94	30.50	6.25	23.6	24.1	262	-13.5	0.4	13.5	262
15	161451	5147.8139	10423.4663	 841.3	 386.3	1370	  914.6	 24.9	  915.0	  5.8	690.48	14.96	5.16	18.75	2.96	30.25	6.50	23.7	24.1	263	-12.2	3.6	12.6	263
15	161551	5147.8160	10423.4663	 841.8	 386.8	1323	  914.5	 24.9	  915.0	  5.8	619.24	14.97	5.16	18.75	2.90	30.00	6.75	23.6	24.2	264	-12.5	0.6	12.5	264
15	161752	5147.8154	10423.4698	 842.5	 387.5	1071	  914.7	 24.9	  914.9	  5.6	657.60	14.97	5.16	18.75	2.94	30.25	6.25	23.7	24.3	265	-12.2	-2.9	12.6	265
15	161852	5147.8151	10423.4701	 842.0	 387.0	1289	  914.7	 25.0	  914.9	  5.6	717.88	14.97	5.16	18.75	2.85	30.50	6.75	23.8	24.2	266	-12.5	3.3	12.9	266
15	161952	5147.8133	10423.4702	 839.6	 384.6	1229	  915.0	 25.0	  915.3	  5.5	608.28	14.97	5.15	18.75	2.94	30.25	6.75	23.8	24.3	267	-12.7	1.4	12.7	267
15	162102	5147.8099	10423.4767	 837.6	 382.6	1287	  915.2	 25.0	  915.4	  5.6	652.12	14.97	5.15	18.75	2.90	30.75	6.75	23.8	24.3	268	-13.3	-0.4	13.3	268
15	162253	5147.8098	10423.4799	 835.0	 380.0	1129	  915.4	 25.1	  915.7	  5.9	567.18	14.97	5.16	18.75	2.90	30.75	6.50	23.9	24.4	269	-13.4	-4.1	14.0	269
15	162353	5147.8103	10423.4735	 836.6	 381.6	1127	  914.8	 25.1	  915.3	  6.0	654.86	14.96	5.16	18.74	3.01	30.50	6.75	23.9	24.4	270	-12.5	-2.6	12.7	270
15	162503	5147.8131	10423.4719	 836.4	 381.4	1255	  914.9	 25.1	  915.4	  6.0	635.68	14.97	5.16	18.75	2.91	31.00	6.75	23.8	24.4	271	-12.6	-2.3	12.8	271
15	162603	5147.8127	10423.4737	 835.3	 380.3	1406	  915.0	 25.1	  915.7	  6.0	602.80	14.97	5.16	18.74	2.91	30.75	7.00	23.9	24.4	272	-12.8	-2.7	13.0	272
15	162754	5147.8185	10423.4693	 840.6	 385.6	1203	  914.6	 25.2	  915.3	  6.1	627.46	14.96	5.15	18.75	2.85	30.25	7.00	24.0	24.6	273	-12.7	2.4	12.9	273
15	162904	5147.8164	10423.4677	 840.0	 385.0	1318	  914.4	 25.2	  914.9	  6.0	621.98	14.97	5.16	18.75	2.90	30.50	7.00	24.1	24.5	274	-11.5	2.7	11.8	274
15	163004	5147.8102	10423.4728	 836.8	 381.8	1429	  914.9	 25.2	  915.5	  6.0	613.76	14.96	5.15	18.76	2.87	30.25	6.75	24.1	24.6	275	-13.5	-2.0	13.7	275
15	163106	5147.8084	10423.4738	 834.8	 379.8	1316	  915.0	 25.3	  915.4	  6.0	654.86	14.97	5.16	18.74	2.90	30.75	7.00	24.1	24.7	276	-13.1	3.5	13.5	276
15	163257	5147.8088	10423.4734	 836.6	 381.6	1239	  914.8	 25.3	  915.1	  6.0	630.20	14.97	5.16	18.75	2.93	30.75	7.00	24.0	24.6	277	-12.3	-2.3	12.5	277
15	163357	5147.8190	10423.4737	 836.6	 381.6	1368	  914.9	 25.3	  915.6	  6.0	605.54	14.97	5.16	18.74	2.87	30.75	7.00	24.1	24.6	278	-12.6	2.4	12.8	278
15	163458	5147.8149	10423.4751	 836.6	 381.6	1353	  914.9	 25.4	  915.2	  6.0	682.26	14.97	5.16	18.76	2.79	30.75	6.75	24.2	26.5	279	-12.4	4.2	13.1	279
15	163608	5147.8158	10423.4720	 839.8	 384.8	1354	  914.8	 25.4	  915.0	  6.0	646.64	14.96	5.15	18.75	2.88	31.00	7.00	24.1	24.7	280	-12.0	3.7	12.5	280
15	163759	5147.8211	10423.4681	 839.3	 384.3	1362	  914.4	 25.4	  915.0	  5.9	613.76	14.97	5.16	18.75	2.88	31.00	7.00	24.2	26.8	281	-11.8	3.0	12.2	281
15	163859	5147.8227	10423.4670	 839.1	 384.1	1318	  914.6	 25.5	  915.0	  5.9	652.12	14.97	5.16	18.74	2.96	31.00	6.75	24.3	24.7	282	-11.9	3.4	12.3	282
15	164009	5147.8179	10423.4712	 837.9	 382.9	1440	  914.8	 25.5	  915.0	  5.8	641.16	14.97	5.15	18.74	2.90	30.75	7.00	24.3	24.7	283	-13.2	3.4	13.6	283
15	164109	5147.8162	10423.4736	 836.3	 381.3	1192	  914.7	 25.5	  915.1	  5.8	643.90	14.97	5.16	18.74	2.93	31.00	7.00	24.3	24.9	284	-12.5	0.1	12.5	284
15	164301	5147.8156	10423.4725	 839.0	 384.0	1156	  914.7	 25.6	  915.1	  5.9	643.90	14.97	5.16	18.75	2.87	31.00	7.00	24.3	24.9	285	-13.4	1.1	13.4	285
15	164401	5147.8163	10423.4785	 835.0	 380.0	1200	  915.0	 25.6	  915.1	  6.0	575.40	14.97	5.15	18.74	2.94	31.00	7.00	24.4	24.8	286	-13.7	-1.9	13.8	286
15	164511	5147.8162	10423.4693	 838.6	 383.6	1183	  914.6	 25.6	  914.9	  6.2	572.66	14.97	5.15	18.75	2.90	30.75	7.00	24.4	24.9	287	-12.2	-1.8	12.3	287
15	164612	5147.8234	10423.4694	 839.3	 384.3	1161	  914.6	 25.6	  914.7	  6.2	621.98	14.97	5.15	18.74	3.04	31.00	7.00	24.3	24.9	288	-12.5	-2.7	12.7	288
15	164804	5147.8179	10423.4752	 837.3	 382.3	1358	  914.9	 25.7	  915.3	  6.0	583.62	14.97	5.16	18.75	2.94	31.25	7.00	24.4	25.1	289	-13.0	-2.1	13.1	289
15	164913	5147.8098	10423.4766	 834.8	 379.8	1386	  915.1	 25.7	  915.4	  6.1	611.02	14.97	5.16	18.74	2.96	31.00	7.00	24.4	25.0	290	-13.7	-2.0	13.8	290
15	165013	5147.8099	10423.4758	 836.0	 381.0	1272	  914.9	 25.7	  915.2	  6.2	663.08	14.96	5.16	18.75	2.88	31.00	7.00	24.5	25.1	291	-13.5	2.3	13.6	291
15	165113	5147.8117	10423.4744	 837.3	 382.3	1414	  914.9	 25.7	  915.1	  6.2	624.72	14.97	5.15	18.75	2.91	31.25	7.00	24.5	25.1	292	-12.9	-2.3	13.1	292
15	165304	5147.8084	10423.4825	 833.2	 378.2	1485	  915.6	 25.7	  915.6	  6.3	652.12	14.97	5.16	18.74	2.94	31.25	7.00	24.5	25.0	293	-14.2	0.3	14.2	293
15	165405	5147.8096	10423.4842	 831.8	 376.8	1276	  915.4	 25.7	  915.8	  6.4	586.36	14.97	5.16	18.75	2.98	31.25	7.25	24.5	25.1	294	-14.8	3.0	15.1	294
15	165515	5147.8099	10423.4763	 836.8	 381.8	1278	  915.0	 25.7	  915.2	  6.5	652.12	14.96	5.16	18.75	2.91	31.25	7.25	24.5	25.1	295	-13.3	4.7	14.1	295
15	165615	5147.8081	10423.4803	 833.9	 378.9	1296	  915.2	 25.8	  915.2	  6.5	641.16	14.97	5.15	18.74	2.88	31.25	7.50	24.5	25.1	296	-13.4	-3.6	13.9	296
15	165806	5147.8123	10423.4808	 833.0	 378.0	1289	  915.3	 25.8	  915.4	  6.5	589.10	14.97	5.15	18.75	2.87	31.25	7.50	24.6	25.1	297	-14.1	2.4	14.3	297
15	165916	5147.8147	10423.4749	 838.4	 383.4	1206	  914.9	 25.8	  915.0	  6.5	621.98	14.97	5.15	18.75	2.96	31.25	7.25	24.6	25.0	298	-13.7	1.3	13.7	298
15	170017	5147.8098	10423.4775	 836.3	 381.3	1183	  915.1	 25.8	  915.0	  6.5	676.78	14.97	5.16	18.75	2.99	31.25	7.25	24.6	25.2	299	-13.4	-3.6	13.8	299
15	170117	5147.8111	10423.4792	 836.0	 381.0	1399	  915.2	 25.8	  915.1	  6.4	660.34	14.97	5.16	18.75	2.88	31.50	7.25	24.6	25.1	300	-14.0	3.5	14.4	300
15	170308	5147.8049	10423.4850	 832.1	 377.1	1197	  915.7	 25.8	  916.0	  6.4	685.00	14.97	5.16	18.74	2.88	31.25	7.50	24.7	25.1	301	-15.3	2.4	15.5	301
15	170419	5147.8044	10423.4856	 832.7	 377.7	1479	  915.7	 25.8	  915.8	  6.5	660.34	14.97	5.16	18.75	2.90	31.25	7.50	24.6	25.2	302	-15.1	-3.2	15.4	302
15	170519	5147.8025	10423.4853	 832.7	 377.7	1196	  915.7	 25.8	  915.4	  6.7	583.62	14.97	5.16	18.74	2.90	31.50	7.75	24.7	25.2	303	-14.6	3.4	15.0	303
15	170619	5147.8044	10423.4878	 832.0	 377.0	1407	  915.9	 25.8	  915.8	  6.8	591.84	14.96	5.16	18.74	2.91	31.25	7.50	24.6	25.2	304	-15.8	-3.1	16.1	304
15	170811	5147.8073	10423.4891	 829.8	 374.8	1664	  916.0	 25.8	  916.1	  6.9	616.50	14.97	5.16	18.75	2.88	31.25	7.25	24.7	25.2	305	-15.5	-1.8	15.6	305
15	170911	5147.8052	10423.4886	 828.7	 373.7	1385	  915.7	 25.8	  915.6	  7.0	674.04	14.97	5.16	18.75	2.85	31.50	8.00	24.6	25.3	306	-14.7	-2.4	14.9	306
15	171012	5147.8039	10423.4859	 830.6	 375.6	1270	  915.7	 25.8	  915.6	  7.1	663.08	14.97	5.16	18.75	2.88	31.00	7.75	24.7	25.2	307	-14.9	3.4	15.3	307
15	171122	5147.8050	10423.4828	 832.3	 377.3	1473	  915.6	 25.8	  915.6	  7.1	627.46	14.96	5.16	18.75	2.94	31.25	7.50	24.6	25.2	308	-14.7	0.5	14.7	308
15	171314	5147.8035	10423.4841	 830.4	 375.4	1403	  915.6	 25.8	  915.5	  7.2	638.42	14.97	5.16	18.75	2.90	31.50	8.00	24.7	25.1	309	-15.4	-0.6	15.4	309
15	171414	5147.8073	10423.4809	 832.9	 377.9	1495	  915.4	 25.8	  915.0	  7.2	731.58	14.97	5.16	18.75	2.87	31.25	8.25	24.6	25.2	310	-14.8	2.0	15.0	310
15	171524	5147.8061	10423.4829	 832.4	 377.4	1307	  915.6	 25.8	  915.4	  7.1	663.08	14.97	5.16	18.75	2.91	31.25	8.00	24.6	25.2	311	-14.7	3.4	15.0	311
15	171624	5147.8065	10423.4813	 832.8	 377.8	1534	  915.5	 25.8	  915.2	  7.0	613.76	14.97	5.16	18.75	2.93	31.25	8.25	24.7	25.2	312	-14.4	0.5	14.4	312
15	171815	5147.8035	10423.4849	 831.3	 376.3	1186	  915.8	 25.9	  915.6	  7.0	600.06	14.97	5.16	18.75	2.88	31.75	8.25	24.6	27.1	313	-14.6	-3.9	15.1	313
15	171915	5147.8022	10423.4879	 831.5	 376.5	1477	  915.7	 25.9	  915.1	  7.1	558.96	14.97	5.16	18.75	2.88	31.25	8.00	24.8	25.2	314	-14.9	-2.9	15.1	314
15	172025	5147.8094	10423.4833	 833.8	 378.8	1192	  915.4	 25.9	  915.5	  7.1	632.94	14.96	5.16	18.75	2.90	31.25	8.25	24.7	25.2	315	-14.4	3.7	14.8	315
15	172125	5147.8073	10423.4817	 834.9	 379.9	1488	  915.4	 25.9	  915.5	  7.1	613.76	14.97	5.16	18.75	2.90	31.75	8.25	24.7	25.2	316	-14.9	-2.8	15.2	316
15	172316	5147.8042	10423.4827	 833.7	 378.7	1461	  915.5	 25.9	  915.5	  7.2	627.46	14.96	5.15	18.75	2.90	31.25	8.50	24.8	25.2	317	-15.3	-3.1	15.6	317
15	172417	5147.8035	10423.4863	 834.2	 379.2	1155	  915.9	 25.9	  915.9	  7.3	621.98	14.97	5.16	18.75	2.90	31.25	8.25	24.7	25.3	318	-17.1	5.0	17.7	318
15	172519	5147.8054	10423.4856	 833.3	 378.3	1114	  915.8	 25.9	  915.6	  7.4	627.46	14.97	5.15	18.75	2.94	31.25	8.50	24.7	25.3	319	-14.8	2.8	15.1	319
15	172619	5147.8083	10423.4823	 834.9	 379.9	1208	  915.4	 25.9	  915.5	  7.4	638.42	14.97	5.16	18.75	2.88	31.50	8.50	24.8	25.3	320	-14.2	-2.2	14.3	320
15	172820	5147.8032	10423.4791	 836.8	 381.8	1510	  915.3	 25.9	  915.3	  7.2	679.52	14.97	5.16	18.75	2.88	31.25	8.50	24.8	25.2	321	-13.1	3.9	13.6	321
15	172920	5147.8088	10423.4781	 837.7	 382.7	1175	  915.2	 26.0	  915.1	  7.2	630.20	14.97	5.16	18.75	2.94	31.50	8.50	24.8	25.4	322	-13.3	0.4	13.3	322
15	173030	5147.8069	10423.4810	 836.9	 381.9	1192	  915.4	 26.0	  915.3	  7.0	652.12	14.97	5.16	18.74	2.90	31.25	8.50	24.9	25.3	323	-14.5	1.1	14.5	323
15	173132	5147.8084	10423.4822	 836.3	 381.3	1437	  915.5	 26.0	  915.4	  7.1	624.72	14.97	5.16	18.74	2.90	31.50	8.75	24.8	25.2	324	-14.9	-3.5	15.3	324
15	173323	5147.8054	10423.4800	 836.8	 381.8	1460	  915.4	 26.0	  915.3	  7.2	608.28	14.97	5.15	18.74	2.88	31.75	8.75	24.9	25.4	325	-14.0	-3.6	14.4	325
15	173424	5147.8031	10423.4790	 836.9	 381.9	1189	  915.3	 26.0	  914.9	  7.2	758.98	14.97	5.16	18.75	2.88	31.50	8.75	24.9	25.3	326	-13.2	-3.3	13.6	326
15	173525	5147.8108	10423.4757	 838.9	 383.9	1517	  915.1	 26.0	  915.2	  7.2	564.44	14.97	5.16	18.75	2.99	32.00	8.25	24.9	25.4	327	-13.4	4.1	13.9	327
15	173625	5147.8117	10423.4748	 837.6	 382.6	1498	  915.1	 26.1	  914.9	  7.1	597.32	14.97	5.16	18.75	2.90	31.50	8.50	24.9	25.5	328	-15.2	0.4	15.2	328
15	173826	5147.8135	10423.4778	 837.6	 382.6	1248	  915.3	 26.1	  914.9	  7.0	564.44	14.97	5.15	18.75	2.94	31.25	8.50	25.0	25.5	329	-14.8	3.2	15.1	329
15	173926	5147.8080	10423.4790	 837.1	 382.1	1397	  915.1	 26.1	  915.1	  7.1	567.18	14.96	5.16	18.75	2.94	31.25	8.50	25.1	25.5	330	-12.9	2.8	13.2	330
15	174026	5147.8084	10423.4808	 837.1	 382.1	1163	  915.4	 26.2	  915.3	  7.1	550.74	14.97	5.16	18.75	2.98	31.75	8.50	25.0	25.5	331	-13.6	-1.0	13.6	331
15	174126	5147.8107	10423.4807	 837.4	 382.4	1250	  915.2	 26.2	  915.2	  7.1	616.50	14.96	5.15	18.75	2.94	31.50	8.50	25.1	25.6	332	-13.2	2.5	13.4	332
15	174327	5147.8054	10423.4750	 840.1	 385.1	1173	  914.8	 26.2	  914.6	  7.2	616.50	14.97	5.15	18.75	2.88	31.75	9.00	25.0	25.6	333	-13.4	-0.4	13.4	333
15	174427	5147.8111	10423.4796	 837.5	 382.5	1441	  915.3	 26.2	  915.2	  7.2	561.70	14.96	5.16	18.74	2.93	31.75	8.50	25.0	25.6	334	-13.3	1.8	13.4	334
15	174527	5147.8048	10423.4756	 838.3	 383.3	1505	  914.9	 26.2	  914.6	  7.2	580.88	14.97	5.16	18.75	2.90	31.75	8.75	25.2	25.6	335	-13.2	4.3	13.8	335
15	174627	5147.8114	10423.4825	 834.7	 379.7	1250	  915.6	 26.3	  915.7	  7.1	597.32	14.96	5.16	18.74	2.91	31.50	8.50	25.1	25.6	336	-14.7	-2.9	15.0	336
15	174828	5147.8042	10423.4884	 833.1	 378.1	1359	  915.9	 26.3	  915.5	  7.2	583.62	14.97	5.15	18.74	3.04	31.75	8.50	25.2	25.7	337	-13.7	5.0	14.5	337
15	174928	5147.8016	10423.4796	 834.0	 379.0	1269	  915.6	 26.3	  915.7	  7.3	602.80	14.97	5.16	18.75	2.88	31.75	8.25	25.2	25.6	338	-15.0	1.7	15.1	338
15	175038	5147.7992	10423.4831	 833.1	 378.1	1128	  915.5	 26.3	  915.5	  7.4	665.82	14.97	5.16	18.75	2.85	31.75	9.00	25.1	25.6	339	-14.6	-1.0	14.7	339
15	175139	5147.8017	10423.4776	 835.8	 380.8	1346	  915.3	 26.3	  915.2	  7.5	608.28	14.97	5.16	18.76	2.79	31.50	8.75	25.2	25.6	340	-14.5	3.7	14.9	340
15	175330	5147.7996	10423.4771	 836.6	 381.6	1254	  915.0	 26.4	  914.7	  7.4	594.58	14.96	5.16	18.75	2.87	32.00	8.25	25.1	25.7	341	-13.9	2.3	14.1	341
15	175429	5147.8017	10423.4754	 837.9	 382.9	1302	  914.8	 26.4	  914.8	  7.4	597.32	14.97	5.15	18.75	2.96	31.75	8.50	25.2	25.8	342	-12.3	2.3	12.5	342
15	175531	5147.8025	10423.4671	 841.2	 386.2	1270	  914.8	 26.4	  914.8	  7.3	558.96	14.96	5.16	18.75	2.88	32.00	8.75	25.3	25.8	343	-12.5	-4.1	13.1	343
15	175640	5147.8083	10423.4745	 838.9	 383.9	1227	  914.9	 26.4	  914.7	  7.2	608.28	14.97	5.16	18.75	2.94	32.00	8.75	25.3	25.8	344	-11.9	-3.9	12.5	344
15	175831	5147.8032	10423.4794	 835.7	 380.7	1467	  915.3	 26.4	  915.1	  7.2	613.76	14.97	5.16	18.75	2.88	31.75	9.00	25.4	25.8	345	-13.5	1.1	13.5	345
15	175931	5147.8034	10423.4794	 836.6	 381.6	1394	  915.2	 26.5	  915.3	  7.2	578.14	14.97	5.15	18.75	2.90	32.00	9.00	25.4	25.8	346	-13.2	5.8	14.3	346
15	180032	5147.8048	10423.4794	 836.6	 381.6	1431	  915.3	 26.5	  915.2	  7.2	564.44	14.97	5.16	18.74	2.87	32.00	8.50	25.4	25.8	347	-13.3	4.8	14.1	347
15	180142	5147.8042	10423.4793	 838.0	 383.0	1290	  915.1	 26.5	  915.0	  7.3	558.96	14.96	5.16	18.74	2.96	32.25	8.50	25.4	25.8	348	-13.7	3.4	14.0	348
15	180333	5147.8015	10423.4805	 835.7	 380.7	1195	  915.0	 26.5	  915.2	  7.3	616.50	14.96	5.16	18.75	2.90	32.25	8.50	25.2	25.8	349	-14.0	3.4	14.4	349
15	180433	5147.8049	10423.4835	 835.7	 380.7	1274	  915.2	 26.5	  915.1	  7.3	613.76	14.96	5.16	18.75	2.88	32.00	8.50	25.4	25.8	350	-14.4	-1.9	14.5	350
15	180546	5147.8112	10423.4796	 838.3	 383.3	1627	  915.0	 26.5	  914.9	  7.3	564.44	14.96	5.15	18.75	2.93	32.00	9.00	25.4	25.8	351	-13.2	4.5	13.9	351
15	180645	5147.8100	10423.4807	 837.0	 382.0	1257	  915.2	 26.5	  915.0	  7.2	561.70	14.96	5.16	18.74	2.96	32.25	8.75	25.3	25.9	352	-13.9	3.0	14.2	352
15	180837	5147.8060	10423.4869	 834.6	 379.6	1183	  915.4	 26.6	  915.2	  7.2	608.28	14.97	5.16	18.74	2.98	31.75	8.75	25.4	25.9	353	-14.2	-5.8	15.3	353
15	180937	5147.8061	10423.4799	 837.6	 382.6	1327	  915.0	 26.6	  914.9	  7.2	580.88	14.97	5.15	18.75	2.90	32.00	9.00	25.5	25.9	354	-13.1	-0.8	13.1	354
15	181037	5147.8070	10423.4859	 834.8	 379.8	1381	  915.4	 26.6	  915.4	  7.2	575.40	14.96	5.15	18.74	2.90	32.00	8.75	25.6	25.9	355	-14.7	-1.3	14.8	355
15	181147	5147.8064	10423.4785	 839.5	 384.5	1247	  914.8	 26.6	  915.2	  7.3	561.70	14.96	5.15	18.75	2.90	32.00	8.75	25.5	26.0	356	-13.1	1.6	13.2	356
15	181338	5147.8076	10423.4801	 838.0	 383.0	1275	  914.9	 26.6	  914.6	  7.2	553.48	14.96	5.16	18.75	2.91	32.00	8.75	25.5	26.0	357	-13.7	4.5	14.4	357
15	181440	5147.8091	10423.4773	 838.7	 383.7	1534	  914.7	 26.7	  914.6	  7.3	572.66	14.96	5.16	18.75	2.91	32.00	8.75	25.5	26.0	358	-12.8	2.4	13.0	358
15	181540	5147.8062	10423.4808	 837.9	 382.9	1251	  915.2	 26.7	  915.1	  7.3	553.48	14.97	5.16	18.75	2.91	32.25	8.75	25.6	26.0	359	-13.4	-3.9	13.9	359
15	181640	5147.8088	10423.4829	 836.5	 381.5	1143	  915.3	 26.7	  915.1	  7.3	545.26	14.96	5.15	18.75	2.94	32.25	8.75	25.5	26.0	360	-14.5	1.4	14.6	360
15	181842	5147.8065	10423.4823	 835.0	 380.0	1299	  915.2	 26.7	  915.3	  7.4	586.36	14.96	5.16	18.75	2.93	32.00	8.75	25.5	26.1	361	-14.0	3.6	14.4	361
15	181942	5147.8095	10423.4844	 835.5	 380.5	1485	  915.3	 26.7	  915.3	  7.4	575.40	14.96	5.16	18.75	2.94	32.25	9.00	25.6	26.0	362	-14.5	-1.0	14.5	362
15	182043	5147.8020	10423.4827	 836.1	 381.1	1400	  915.3	 26.7	  915.2	  7.5	575.40	14.97	5.16	18.75	2.88	32.25	9.00	25.7	26.0	363	-14.5	1.7	14.5	363
15	182143	5147.8038	10423.4799	 838.7	 383.7	1346	  915.2	 26.7	  915.4	  7.5	611.02	14.97	5.15	18.74	2.96	32.50	9.00	25.5	26.0	364	-14.0	-4.5	14.7	364
15	182334	5147.8160	10423.4734	 842.4	 387.4	1409	  914.8	 26.8	  915.0	  7.4	564.44	14.97	5.16	18.75	2.98	32.25	9.00	25.6	26.1	365	-12.4	0.4	12.4	365
15	182444	5147.8078	10423.4860	 835.5	 380.5	1371	  915.2	 26.8	  915.7	  7.4	605.54	14.97	5.16	18.75	2.90	32.25	8.75	25.7	26.1	366	-14.2	0.2	14.2	366
15	182545	5147.8119	10423.4768	 840.9	 385.9	1367	  914.6	 26.8	  914.7	  7.4	523.34	14.97	5.15	18.75	2.91	32.25	8.75	25.6	26.2	367	-13.6	1.5	13.7	367
15	182645	5147.8041	10423.4820	 837.6	 382.6	1622	  915.0	 26.8	  915.0	  7.3	627.46	14.97	5.16	18.75	2.91	32.25	9.00	25.6	26.1	368	-13.3	3.1	13.6	368
15	182847	5147.8141	10423.4744	 841.8	 386.8	1203	  914.6	 26.8	  914.2	  7.2	616.50	14.97	5.16	18.74	2.98	32.25	8.75	25.8	26.2	369	-12.7	-0.8	12.8	369
15	182947	5147.8091	10423.4808	 838.9	 383.9	1270	  915.0	 26.8	  914.9	  7.1	526.08	14.96	5.16	18.75	2.88	32.25	8.75	25.7	26.2	370	-13.5	3.2	13.8	370
15	183047	5147.8062	10423.4817	 839.9	 384.9	1219	  915.0	 26.9	  914.9	  7.1	523.34	14.96	5.16	18.74	2.90	32.00	8.75	25.7	26.3	371	-13.5	0.9	13.5	371
15	183147	5147.8103	10423.4788	 840.8	 385.8	1068	  915.1	 26.9	  914.9	  7.1	564.44	14.97	5.16	18.75	2.90	32.25	9.00	25.8	26.2	372	-13.5	-2.8	13.8	372
15	183348	5147.8091	10423.4861	 837.8	 382.8	1395	  915.4	 26.9	  914.8	  7.1	528.82	14.97	5.16	18.74	2.96	32.00	8.75	25.7	26.2	373	-13.9	-3.0	14.2	373
15	183449	5147.8070	10423.4779	 840.6	 385.6	1404	  915.0	 26.9	  914.7	  7.2	575.40	14.97	5.16	18.74	2.87	32.25	8.75	25.8	26.3	374	-14.2	3.1	14.5	374
15	183549	5147.8025	10423.4814	 838.2	 383.2	1395	  915.0	 26.9	  915.0	  7.2	550.74	14.97	5.15	18.74	2.90	32.25	8.75	25.7	26.3	375	-13.7	3.9	14.2	375
15	183649	5147.8083	10423.4805	 839.8	 384.8	1472	  915.0	 26.9	  915.0	  7.2	495.94	14.97	5.15	18.74	2.93	32.50	9.00	25.8	26.3	376	-14.1	-3.2	14.4	376
15	183850	5147.8067	10423.4789	 841.4	 386.4	1212	  914.8	 26.9	  915.1	  7.3	509.64	14.97	5.15	18.74	2.91	32.00	9.00	25.8	26.2	377	-14.1	-0.9	14.1	377
15	183951	5147.8112	10423.4790	 844.0	 389.0	1256	  914.7	 26.9	  914.9	  7.2	534.30	14.96	5.16	18.75	2.88	32.50	9.00	25.8	26.2	378	-13.5	5.7	14.6	378
15	184051	5147.8069	10423.4848	 837.7	 382.7	1234	  915.5	 26.9	  915.3	  7.2	539.78	14.96	5.15	18.74	2.91	32.50	9.00	25.8	26.2	379	-15.7	1.4	15.7	379
15	184151	5147.8038	10423.4833	 839.8	 384.8	1300	  915.1	 26.9	  914.9	  7.3	534.30	14.97	5.16	18.75	2.93	32.25	8.75	25.8	26.3	380	-13.4	4.3	14.0	380
15	184355	5147.8092	10423.4800	 840.1	 385.1	1151	  915.0	 26.9	  914.9	  7.3	542.52	14.97	5.16	18.75	2.94	32.25	9.00	25.8	26.3	381	-13.4	-2.7	13.6	381
15	184455	5147.8106	10423.4813	 840.1	 385.1	1446	  915.0	 26.9	  914.9	  7.3	569.92	14.97	5.15	18.74	2.99	32.50	9.25	25.8	26.3	382	-13.6	-1.4	13.7	382
15	184555	5147.8051	10423.4829	 839.8	 384.8	1380	  914.9	 27.0	  914.6	  7.3	531.56	14.97	5.15	18.74	2.91	32.25	9.00	25.8	26.4	383	-13.9	-2.4	14.1	383
15	184655	5147.8100	10423.4875	 838.1	 383.1	1273	  915.0	 27.0	  914.8	  7.3	553.48	14.97	5.15	18.74	2.98	32.25	8.75	25.8	26.3	384	-13.7	-3.9	14.2	384
15	184856	5147.8058	10423.4804	 841.4	 386.4	1366	  915.0	 27.0	  915.0	  7.3	539.78	14.96	5.16	18.74	2.91	32.50	8.75	25.8	26.3	385	-13.1	-4.0	13.7	385
15	184958	5147.8052	10423.4817	 841.2	 386.2	1273	  915.2	 27.0	  915.3	  7.3	534.30	14.97	5.16	18.73	3.01	32.50	9.00	25.8	26.3	386	-14.0	1.7	14.1	386
15	185059	5147.8072	10423.4809	 841.6	 386.6	1353	  914.9	 27.0	  914.8	  7.3	548.00	14.96	5.15	18.73	2.94	32.25	8.75	25.9	26.3	387	-12.8	0.7	12.8	387
15	185159	5147.8086	10423.4817	 841.5	 386.5	1140	  915.1	 27.0	  915.2	  7.3	509.64	14.97	5.16	18.73	2.93	32.25	9.00	25.8	26.3	388	-12.6	2.7	12.9	388
15	185402	5147.8000	10423.4900	 836.4	 381.4	1408	  915.5	 27.0	  915.5	  7.2	523.34	14.96	5.15	18.72	2.94	32.25	9.25	25.8	26.3	389	-13.7	2.7	14.0	389
15	185503	5147.8081	10423.4851	 839.2	 384.2	1575	  915.3	 27.0	  915.1	  7.3	564.44	14.96	5.16	18.73	2.93	32.50	8.75	25.9	26.3	390	-14.7	-1.3	14.8	390
15	185605	5147.8071	10423.4854	 840.5	 385.5	1346	  915.1	 27.0	  915.2	  7.3	531.56	14.96	5.16	18.73	2.88	32.75	8.75	25.9	26.3	391	-14.9	-0.1	14.9	391
15	185704	5147.8035	10423.4891	 838.0	 383.0	1276	  915.5	 27.0	  915.3	  7.2	501.42	14.97	5.15	18.73	2.91	32.75	8.75	25.8	26.3	392	-14.3	-5.3	15.2	392
15	185856	5147.8020	10423.4861	 842.2	 387.2	1425	  915.4	 27.0	  915.4	  7.3	476.76	14.96	5.16	18.73	2.93	32.75	9.00	25.8	26.2	393	-14.9	0.4	14.9	393
15	185956	5147.8000	10423.4849	 842.2	 387.2	1428	  915.2	 27.0	  915.3	  7.3	542.52	14.97	5.16	18.73	2.84	32.50	9.00	25.8	26.3	394	-14.8	-0.3	14.8	394
15	190106	5147.7996	10423.4895	 838.6	 383.6	1416	  915.5	 27.0	  915.4	  7.2	523.34	14.97	5.16	18.74	2.88	32.75	8.75	25.7	26.2	395	-15.7	-1.3	15.7	395
15	190207	5147.8021	10423.4841	 841.7	 386.7	1194	  915.0	 27.0	  915.2	  7.3	517.86	14.97	5.15	18.73	2.90	32.50	9.00	25.8	26.2	396	-14.7	1.3	14.7	396
15	190358	5147.7997	10423.4846	 840.6	 385.6	1610	  915.3	 27.0	  914.8	  7.3	517.86	14.96	5.15	18.73	2.94	32.50	9.00	25.8	26.3	397	-14.3	3.8	14.8	397
15	190458	5147.7976	10423.4884	 838.0	 383.0	1534	  915.5	 27.0	  915.1	  7.2	580.88	14.97	5.16	18.73	2.90	32.50	9.00	25.8	26.3	398	-17.2	-2.3	17.3	398
15	190608	5147.7973	10423.4889	 839.6	 384.6	1335	  915.5	 27.0	  915.6	  7.2	512.38	14.96	5.15	18.73	2.91	32.50	8.75	25.7	26.2	399	-15.7	0.8	15.7	399
15	190708	5147.8001	10423.4876	 836.3	 381.3	1568	  915.5	 27.0	  915.3	  7.1	624.72	14.97	5.16	18.73	2.91	32.75	9.00	25.8	26.2	400	-15.4	1.0	15.4	400
15	190859	5147.8032	10423.4868	 837.2	 382.2	1521	  915.3	 27.0	  914.6	  7.2	561.70	14.97	5.16	18.72	2.94	32.50	8.75	25.8	26.2	401	-14.4	3.4	14.8	401
15	191009	5147.8011	10423.4890	 836.2	 381.2	1398	  915.4	 27.0	  915.3	  7.2	564.44	14.97	5.15	18.73	2.91	32.25	9.00	25.8	26.2	402	-15.0	2.3	15.1	402
15	191110	5147.8021	10423.4889	 839.3	 384.3	1262	  915.6	 27.0	  915.3	  7.2	564.44	14.97	5.16	18.73	2.93	32.50	9.00	25.8	26.2	403	-14.6	-2.4	14.8	403
15	191210	5147.8031	10423.4875	 838.4	 383.4	1392	  915.2	 26.9	  914.9	  7.1	550.74	14.96	5.16	18.73	2.91	32.50	9.00	25.8	26.2	404	-14.0	1.4	14.0	404
15	191402	5147.8068	10423.4886	 835.8	 380.8	1200	  915.3	 26.9	  915.2	  7.2	515.12	14.96	5.16	18.73	2.90	32.50	9.00	25.8	26.2	405	-14.8	1.6	14.9	405
15	191502	5147.8076	10423.4913	 836.9	 381.9	1171	  915.4	 26.9	  915.2	  7.2	476.76	14.96	5.15	18.73	2.93	32.25	8.75	25.7	26.2	406	-15.0	0.3	15.0	406
15	191603	5147.8114	10423.4880	 838.9	 383.9	1177	  915.2	 26.9	  915.3	  7.3	539.78	14.96	5.15	18.73	2.88	32.25	9.00	25.8	26.2	407	-14.4	-0.4	14.4	407
15	191714	5147.8142	10423.4834	 837.3	 382.3	1591	  914.9	 26.9	  914.9	  7.3	520.60	14.97	5.15	18.73	2.98	32.25	9.00	25.8	26.3	408	-13.8	-4.8	14.5	408
15	191908	5147.8115	10423.4865	 838.1	 383.1	1525	  915.1	 26.9	  915.0	  7.4	509.64	14.97	5.16	18.72	2.98	32.25	9.00	25.8	26.2	409	-13.2	5.8	14.3	409
15	192008	5147.8134	10423.4850	 840.3	 385.3	1252	  914.8	 26.9	  915.2	  7.5	534.30	14.97	5.16	18.72	2.91	32.50	9.00	25.8	26.1	410	-14.4	1.2	14.5	410
15	192108	5147.8155	10423.4844	 840.7	 385.7	1413	  915.1	 26.9	  915.4	  7.5	523.34	14.97	5.15	18.72	2.93	32.25	8.75	25.8	26.2	411	-15.5	-2.0	15.7	411
15	192208	5147.8103	10423.4774	 842.0	 387.0	1314	  914.4	 26.9	  914.3	  7.6	498.68	14.97	5.16	18.72	2.91	32.50	9.00	25.9	26.2	412	-14.1	-1.5	14.1	412
15	192409	5147.8173	10423.4828	 841.2	 386.2	1156	  914.6	 26.9	  915.1	  7.6	539.78	14.97	5.15	18.72	2.99	32.50	9.00	25.8	26.2	413	-12.7	2.1	12.8	413
15	192510	5147.8140	10423.4812	 841.5	 386.5	1463	  914.9	 27.0	  915.0	  7.6	495.94	14.97	5.16	18.72	2.99	32.75	8.75	25.7	26.2	414	-13.8	-0.3	13.8	414
15	192610	5147.8102	10423.4862	 837.5	 382.5	1284	  915.2	 27.0	  915.8	  7.5	482.24	14.96	5.15	18.73	2.93	32.75	8.75	25.8	26.2	415	-15.5	0.5	15.5	415
15	192711	5147.8082	10423.4850	 840.1	 385.1	1245	  915.0	 27.0	  915.3	  7.6	561.70	14.96	5.15	18.73	2.88	32.25	9.00	25.9	26.2	416	-13.9	3.3	14.3	416
15	192912	5147.8096	10423.4887	 839.6	 384.6	1334	  915.1	 27.0	  915.4	  7.7	564.44	14.97	5.16	18.72	2.96	32.75	9.00	25.9	26.2	417	-15.0	-5.0	15.8	417
15	193012	5147.8105	10423.4864	 840.4	 385.4	1499	  914.9	 27.0	  915.6	  7.8	482.24	14.97	5.16	18.73	2.90	32.50	9.25	25.8	26.2	418	-14.8	4.2	15.4	418
15	193112	5147.8148	10423.4798	 844.3	 389.3	1270	  914.5	 27.0	  915.0	  7.8	654.86	14.97	5.15	18.72	2.96	32.50	9.00	25.8	26.4	419	-12.8	-5.1	13.7	419
15	193212	5147.8067	10423.4899	 837.6	 382.6	1429	  915.3	 27.0	  915.6	  7.8	531.56	14.97	5.16	18.73	2.88	32.25	9.00	25.9	26.3	420	-15.0	-2.7	15.2	420
15	193413	5147.8097	10423.4904	 837.8	 382.8	1379	  915.2	 27.0	  915.5	  7.8	580.88	14.96	5.16	18.72	3.01	32.25	9.25	26.0	26.2	421	-15.8	-1.5	15.9	421
15	193513	5147.8067	10423.4914	 835.3	 380.3	1517	  915.3	 27.0	  916.1	  7.8	504.16	14.97	5.15	18.72	2.99	32.50	9.00	25.9	26.3	422	-16.1	-3.4	16.4	422
15	193613	5147.8046	10423.4979	 831.3	 376.3	1297	  915.8	 27.0	  916.6	  7.9	586.36	14.97	5.16	18.73	2.94	32.75	9.50	25.8	26.2	423	-15.8	1.9	15.9	423
15	193713	5147.8065	10423.4952	 833.1	 378.1	1605	  915.4	 27.0	  915.5	  8.0	567.18	14.97	5.15	18.72	2.96	32.50	9.25	25.8	26.3	424	-16.6	5.9	17.5	424
15	193916	5147.8110	10423.4954	 833.2	 378.2	 974	  915.4	 27.0	  916.0	  8.0	558.96	14.96	5.16	18.73	2.85	32.50	9.25	25.8	26.3	425	-15.6	2.3	15.7	425
15	194017	5147.8147	10423.4935	 834.0	 379.0	1318	  915.3	 27.0	  915.9	  8.1	520.60	14.96	5.16	18.73	2.90	32.50	9.25	25.9	26.2	426	-15.0	-0.2	15.0	426
15	194118	5147.8095	10423.4953	 833.9	 378.9	1353	  915.5	 27.0	  916.0	  8.1	542.52	14.97	5.16	18.72	2.94	32.25	9.50	25.8	26.2	427	-14.2	-6.2	15.4	427
15	194219	5147.8105	10423.4911	 834.9	 379.9	1382	  915.0	 27.0	  915.7	  8.1	463.06	14.96	5.16	18.73	2.93	32.50	9.25	25.8	26.2	428	-15.5	3.5	15.9	428
15	194420	5147.8095	10423.4913	 837.1	 382.1	1372	  915.1	 27.0	  915.8	  8.0	537.04	14.96	5.16	18.72	2.94	32.25	9.50	25.9	26.2	429	-15.9	0.5	15.9	429
15	194523	5147.8099	10423.4904	 837.1	 382.1	1350	  915.0	 27.0	  915.3	  8.1	561.70	14.97	5.16	18.73	2.88	32.25	9.50	25.9	26.2	430	-14.2	-5.0	15.0	430
15	194624	5147.8146	10423.4830	 841.8	 386.8	1370	  914.6	 27.0	  915.3	  8.0	550.74	14.97	5.15	18.73	2.96	32.25	9.25	25.9	26.2	431	-12.4	3.1	12.7	431
15	194724	5147.8152	10423.4822	 841.9	 386.9	1084	  914.5	 27.0	  915.3	  8.0	548.00	14.97	5.16	18.73	2.85	32.50	9.00	25.9	26.3	432	-13.7	-2.2	13.8	432
15	194915	5147.8127	10423.4878	 838.1	 383.1	1447	  914.8	 27.0	  915.3	  7.9	490.46	14.97	5.15	18.73	2.93	32.50	9.50	25.9	26.4	433	-14.7	4.6	15.3	433
15	195016	5147.8129	10423.4890	 837.5	 382.5	1255	  915.0	 27.1	  915.2	  7.8	495.94	14.96	5.16	18.73	2.91	32.50	9.50	25.9	26.3	434	-14.3	2.8	14.6	434
15	195126	5147.8154	10423.4864	 838.9	 383.9	1435	  914.8	 27.1	  915.3	  7.8	504.16	14.97	5.16	18.73	2.93	33.00	9.50	25.9	26.4	435	-14.5	-1.7	14.6	435
15	195226	5147.8145	10423.4900	 836.6	 381.6	1096	  914.8	 27.1	  914.9	  7.9	457.58	14.97	5.16	18.73	2.90	32.25	9.50	26.0	26.4	436	-15.0	-2.5	15.2	436
15	195417	5147.8115	10423.4845	 840.4	 385.4	1211	  914.5	 27.1	  915.0	  8.0	537.04	14.96	5.16	18.73	2.91	32.25	9.50	25.9	26.4	437	-12.9	1.7	13.0	437
15	195527	5147.8182	10423.4832	 841.0	 386.0	1186	  914.4	 27.1	  914.6	  7.9	539.78	14.96	5.15	18.73	2.87	32.50	9.50	26.0	26.5	438	-14.8	0.0	14.8	438
15	195627	5147.8180	10423.4845	 839.5	 384.5	1093	  914.6	 27.2	  914.9	  7.8	498.68	14.96	5.16	18.72	2.91	32.50	9.75	26.0	26.5	439	-13.5	-0.6	13.5	439
15	195727	5147.8051	10423.4882	 836.0	 381.0	1794	  914.7	 27.2	  915.1	  7.8	498.68	14.97	5.15	18.73	2.87	32.75	9.50	26.1	26.5	440	-14.1	4.4	14.7	440
15	195928	5147.8058	10423.4847	 839.8	 384.8	1381	  914.7	 27.2	  914.9	  7.8	487.72	14.96	5.16	18.73	2.88	32.75	9.50	26.0	26.5	441	-15.0	-4.0	15.5	441
15	200028	5147.8101	10423.4816	 838.7	 383.7	1169	  914.6	 27.2	  915.1	  7.7	493.20	14.96	5.15	18.71	2.96	32.50	9.50	26.1	26.5	442	-14.9	0.4	14.9	442
15	200128	5147.8111	10423.4894	 836.8	 381.8	1340	  915.1	 27.2	  915.3	  7.7	515.12	14.97	5.15	18.73	2.90	33.00	9.25	26.1	26.6	443	-16.7	1.5	16.7	443
15	200228	5147.8049	10423.4881	 836.6	 381.6	1145	  915.0	 27.2	  915.1	  7.7	457.58	14.96	5.16	18.73	2.90	33.00	9.50	26.1	26.5	444	-12.9	-5.0	13.8	444
15	200430	5147.8008	10423.4973	 830.7	 375.7	1224	  915.5	 27.2	  916.1	  7.7	432.92	14.96	5.16	18.73	2.94	33.00	9.50	26.1	26.6	445	-16.1	3.2	16.4	445
15	200531	5147.8102	10423.4939	 833.7	 378.7	1208	  915.1	 27.2	  915.2	  7.7	548.00	14.97	5.15	18.72	2.96	32.75	9.50	26.0	26.5	446	-14.5	4.0	15.0	446
15	200631	5147.8037	10423.5029	 829.0	 374.0	1450	  915.8	 27.2	  915.6	  7.7	589.10	14.97	5.16	18.72	2.99	33.25	9.50	26.1	26.5	447	-14.2	2.9	14.4	447
15	200731	5147.8093	10423.4953	 833.9	 378.9	1758	  915.1	 27.2	  915.0	  7.8	597.32	14.96	5.16	18.72	2.88	32.75	9.50	26.1	26.5	448	-13.1	0.3	13.1	448
15	200923	5147.8034	10423.4972	 832.4	 377.4	1558	  915.4	 27.2	  915.5	  7.8	501.42	14.96	5.15	18.72	2.98	32.50	9.25	26.1	26.4	449	-14.6	-5.2	15.5	449
15	201033	5147.7965	10423.5085	 823.5	 368.5	1359	  916.2	 27.2	  916.6	  7.8	506.90	14.97	5.16	18.73	2.94	32.75	9.50	26.0	26.5	450	-17.6	-1.3	17.6	450
15	201133	5147.7984	10423.5041	 827.3	 372.3	1441	  915.8	 27.2	  915.7	  7.9	539.78	14.96	5.15	18.72	2.91	32.75	9.50	26.0	26.5	451	-18.5	7.0	19.7	451
15	201225	5147.8045	10423.5010	 830.5	 375.5	1466	  915.5	 27.2	  915.7	  8.0	454.84	14.97	5.16	18.72	2.91	32.50	9.50	26.1	26.5	452	-17.6	2.0	17.7	452
15	201428	5147.7951	10423.5031	 827.5	 372.5	1629	  915.7	 27.1	  915.8	  8.1	452.10	14.97	5.16	18.71	2.98	32.75	9.50	26.0	26.4	453	-17.5	-6.0	18.4	453
15	201528	5147.8010	10423.5055	 828.0	 373.0	1688	  915.8	 27.1	  915.7	  8.2	537.04	14.97	5.16	18.72	2.93	32.50	9.25	26.0	26.4	454	-13.9	7.4	15.7	454
15	201638	5147.7929	10423.5090	 823.4	 368.4	1290	  916.3	 27.1	  917.0	  8.3	558.96	14.96	5.16	18.72	2.93	33.00	9.50	26.0	26.3	455	-16.4	-1.6	16.5	455
15	201738	5147.7996	10423.5017	 830.3	 375.3	1221	  915.7	 27.1	  916.1	  8.4	632.94	14.97	5.16	18.73	2.82	32.50	9.50	25.9	26.4	456	-14.4	-0.5	14.4	456
15	201929	5147.7964	10423.5056	 827.3	 372.3	1388	  915.6	 27.0	  915.7	  8.4	745.28	14.96	5.16	18.72	2.93	32.75	9.75	25.9	26.4	457	-17.0	2.8	17.2	457
15	202039	5147.7994	10423.5001	 830.7	 375.7	1107	  915.7	 27.0	  916.2	  8.4	526.08	14.97	5.16	18.73	2.90	32.75	9.75	25.9	26.4	458	-17.8	-0.3	17.8	458
15	202139	5147.8011	10423.5056	 829.0	 374.0	1225	  916.1	 27.0	  916.4	  8.3	583.62	14.97	5.15	18.72	2.88	32.75	9.50	25.9	26.4	459	-17.6	6.4	18.6	459
15	202240	5147.8037	10423.5017	 831.2	 376.2	1338	  915.9	 27.0	  916.3	  8.3	550.74	14.97	5.15	18.72	2.99	32.25	10.00	25.9	26.4	460	-15.6	-2.0	15.7	460
15	202432	5147.8004	10423.5140	 821.4	 366.4	1910	  916.5	 27.0	  916.8	  8.4	487.72	14.96	5.15	18.72	2.90	32.75	10.00	25.8	26.2	461	-17.6	3.0	17.9	461
15	202532	5147.8009	10423.5073	 821.0	 366.0	1525	  916.5	 26.9	  916.5	  8.5	476.76	14.97	5.16	18.72	2.94	32.75	10.00	25.9	26.2	462	-18.6	2.7	18.8	462
15	202642	5147.8162	10423.4987	 815.4	 360.4	1392	  917.0	 26.9	  916.6	  8.5	575.40	14.97	5.15	18.72	2.98	32.50	10.00	25.9	26.2	463	-14.7	-0.1	14.7	463
15	202742	5147.8158	10423.4745	 818.7	 363.7	 930	  917.1	 26.9	  916.9	  8.5	482.24	14.97	5.16	18.72	2.90	32.75	10.00	25.9	26.3	464	-16.0	3.4	16.3	464
15	202934	5147.8151	10423.4619	 804.4	 349.4	1689	  918.8	 27.0	  919.2	  8.3	460.32	14.96	5.16	18.72	2.94	32.50	9.75	25.9	26.4	465	-13.2	1.9	13.3	465
15	203036	5147.8296	10423.4514	 796.0	 341.0	1339	  919.6	 27.0	  919.8	  8.2	463.06	14.97	5.16	18.72	2.91	32.50	9.75	25.9	26.3	466	-12.8	-0.6	12.8	466
15	203136	5147.8295	10423.4516	 786.4	 331.4	1329	  921.1	 27.1	  921.7	  8.2	424.70	14.96	5.15	18.72	2.91	32.25	10.00	26.0	26.5	467	-13.8	2.6	14.0	467
15	203236	5147.8195	10423.4287	 785.3	 330.3	1189	  921.2	 27.1	  921.6	  8.2	427.44	14.96	5.16	18.73	2.90	32.50	10.00	26.0	26.5	468	-10.1	1.2	10.2	468
15	203437	5147.8099	10423.4248	 763.2	 308.2	1196	  923.0	 27.2	  923.1	  8.1	367.16	14.97	5.16	18.73	2.94	32.75	9.75	26.1	26.6	469	-10.0	3.4	10.5	469
15	203538	5147.8190	10423.4184	 766.4	 311.4	1337	  922.7	 27.3	  923.1	  8.1	375.38	14.97	5.16	18.73	2.90	32.75	9.50	26.2	26.7	470	-8.7	-2.4	9.0	470
15	203638	5147.8162	10423.4127	 768.8	 313.8	1212	  922.5	 27.3	  922.9	  8.0	383.60	14.97	5.15	18.73	2.93	32.75	10.00	26.2	26.8	471	-8.7	2.1	9.0	471
15	203739	5147.8218	10423.4193	 765.3	 310.3	1050	  923.0	 27.4	  922.9	  7.9	361.68	14.96	5.16	18.72	2.91	33.00	9.75	26.3	26.9	472	-8.3	-0.8	8.3	472
15	203943	5147.8200	10423.4111	 768.4	 313.4	1295	  922.7	 27.5	  922.9	  7.9	369.90	14.96	5.16	18.73	2.91	32.75	9.75	26.5	27.1	473	-8.2	1.2	8.3	473
15	204043	5147.8180	10423.4170	 766.6	 311.6	1191	  922.8	 27.6	  922.8	  7.8	331.54	14.97	5.15	18.73	2.90	32.75	9.75	26.6	27.1	474	-8.8	2.2	9.1	474
15	204133	5147.8281	10423.4039	 772.2	 317.2	1210	  922.7	 27.6	  922.6	  7.8	350.72	14.96	5.16	18.72	2.91	33.00	9.75	26.6	27.2	475	-7.7	1.6	7.9	475
15	204245	5147.8171	10423.4175	 767.7	 312.7	1375	  922.9	 27.7	  923.2	  7.7	331.54	14.96	5.15	18.73	2.93	33.25	9.50	26.8	27.3	476	-8.4	0.5	8.4	476
15	204438	5147.8154	10423.4141	 768.5	 313.5	1172	  922.7	 27.9	  922.5	  7.6	328.80	14.96	5.16	18.72	2.88	33.25	9.75	26.8	27.4	477	-7.6	1.0	7.7	477
15	204539	5147.8306	10423.4189	 765.3	 310.3	1332	  922.9	 27.9	  922.5	  7.5	345.24	14.96	5.16	18.72	2.96	33.25	9.50	26.8	27.4	478	-9.1	-0.4	9.1	478
15	204641	5147.8225	10423.4040	 772.5	 317.5	1309	  922.6	 28.0	  922.1	  7.5	339.76	14.97	5.15	18.73	2.87	33.25	9.50	26.8	27.5	479	-7.3	1.4	7.4	479
15	204742	5147.8244	10423.4103	 770.5	 315.5	1084	  922.6	 28.1	  921.9	  7.4	353.46	14.96	5.16	18.73	2.90	33.25	9.75	26.9	27.6	480	-8.2	1.7	8.4	480
15	204943	5147.8241	10423.4163	 768.3	 313.3	 945	  923.0	 28.2	  922.4	  7.3	304.14	14.96	5.16	18.72	2.96	33.25	9.50	27.0	27.7	481	-8.4	0.1	8.4	481
15	205045	5147.8154	10423.4105	 769.9	 314.9	1213	  922.8	 28.2	  922.1	  7.3	334.28	14.97	5.15	18.73	2.91	33.50	9.50	27.1	27.8	482	-6.9	2.2	7.3	482
15	205145	5147.8192	10423.4235	 767.3	 312.3	1355	  923.5	 28.3	  923.0	  7.3	328.80	14.97	5.16	18.73	2.88	33.50	9.50	27.1	27.8	483	-9.1	4.1	9.9	483
15	205246	5147.8150	10423.4396	 758.3	 303.3	1545	  924.0	 28.3	  923.4	  7.4	328.80	14.97	5.16	18.73	2.88	33.50	9.25	27.1	27.8	484	-9.2	-1.5	9.3	484
15	205449	5147.8185	10423.4162	 769.9	 314.9	1085	  922.7	 28.4	  922.2	  7.6	342.50	14.96	5.15	18.72	2.91	33.75	9.25	27.3	27.9	485	-10.2	-2.7	10.5	485
15	205550	5147.8158	10423.4228	 765.5	 310.5	1482	  922.9	 28.5	  922.4	  7.6	353.46	14.97	5.15	18.73	2.96	33.25	9.25	27.3	28.1	486	-9.8	0.3	9.8	486
15	205653	5147.8145	10423.4191	 765.8	 310.8	 900	  922.8	 28.5	  922.6	  7.7	353.46	14.96	5.16	18.73	2.84	33.75	9.50	27.4	28.1	487	-9.5	-0.7	9.5	487
15	205754	5147.8126	10423.4208	 762.6	 307.6	1220	  923.1	 28.6	  923.0	  7.7	334.28	14.96	5.16	18.72	2.98	33.75	8.75	27.4	28.1	488	-9.4	0.3	9.4	488
15	205948	5147.8176	10423.4301	 762.3	 307.3	1119	  923.1	 28.7	  923.0	  7.8	342.50	14.97	5.16	18.72	2.94	33.75	9.25	27.5	28.2	489	-8.5	2.1	8.7	489
15	210048	5147.8126	10423.4254	 759.2	 304.2	1320	  923.3	 28.7	  923.3	  7.8	323.32	14.97	5.16	18.73	2.88	33.75	9.50	27.5	28.1	490	-8.8	1.6	9.0	490
15	210149	5147.8136	10423.4061	 757.1	 302.1	1370	  923.9	 28.8	  924.1	  7.9	326.06	14.97	5.16	18.72	2.93	34.00	9.25	27.6	28.3	491	-8.0	0.4	8.0	491
15	210249	5147.8036	10423.4091	 740.4	 285.4	1446	  925.4	 28.8	  925.6	  7.9	323.32	14.97	5.16	18.72	2.87	34.00	9.50	27.7	28.3	492	-8.8	0.2	8.8	492
15	210451	5147.8125	10423.3944	 724.8	 269.8	1268	  927.4	 28.9	  927.6	  8.0	317.84	14.97	5.16	18.72	2.90	34.00	9.25	27.8	28.4	493	-7.1	-0.9	7.2	493
15	210551	5147.8045	10423.4022	 709.2	 254.2	1875	  929.1	 29.0	  929.1	  8.1	279.48	14.97	5.16	18.72	2.93	34.00	9.50	27.9	28.6	494	-8.6	2.2	8.8	494
15	210652	5147.8158	10423.3768	 706.9	 251.9	1181	  929.6	 29.0	  929.9	  8.1	276.74	14.96	5.16	18.72	2.91	34.00	9.25	27.8	28.5	495	-6.2	0.7	6.2	495
15	210753	5147.8168	10423.3785	 695.4	 240.4	1332	  930.9	 29.1	  931.1	  8.1	276.74	14.96	5.16	18.72	2.91	34.25	9.25	28.0	28.6	496	-6.1	-0.1	6.1	496
15	210955	5147.8214	10423.3851	 668.4	 213.4	 946	  933.8	 29.2	  933.9	  8.0	246.60	14.97	5.16	18.73	2.94	34.25	9.25	28.1	28.8	497	-6.8	-0.7	6.8	497
15	211057	5147.8147	10423.3478	 662.6	 207.6	1122	  934.4	 29.3	  934.3	  8.0	235.64	14.96	5.16	18.73	2.90	34.50	9.25	28.2	28.9	498	-4.5	0.2	4.5	498
15	211158	5147.8106	10423.3576	 647.8	 192.8	1389	  935.9	 29.3	  935.5	  7.6	216.46	14.96	5.16	18.72	2.91	34.25	9.50	28.2	29.1	499	-5.0	0.8	5.0	499
15	211258	5147.8107	10423.3466	 638.7	 183.7	1385	  937.2	 29.4	  936.1	  7.2	205.50	14.96	5.16	18.72	2.91	34.50	9.50	28.3	29.1	500	-4.5	0.9	4.6	500


