date	time	N	E	H	H-455	compass	P_hpa0	T0,C	P_hpa1	T1,C	dP,kpa	U15,V	U5,V	Uac,V	I,A	Tpow,C	Tmos,C	Bot,C	Top,C
13	125949	5147.8117	10423.3320	 552.4	  97.4	1863	  946.0	 19.3	  944.4	-14.1	-13.70	14.98	5.15	18.78	2.31	24.25	BaseAddr	11.8	15.8	1
13	130049	5147.8107	10423.3213	 605.4	 150.4	2706	  941.7	 19.4	  940.1	-13.8	-5.48	14.98	5.15	18.78	2.31	24.75	BaseAddr	12.0	15.8	2
13	130149	5147.8103	10423.3220	 641.5	 186.5	2778	  937.6	 19.5	  935.8	-13.5	2.74	14.98	5.15	18.78	2.31	24.75	BaseAddr	12.1	15.9	3
13	130249	5147.8112	10423.3210	 663.0	 208.0	3165	  933.9	 19.6	  932.8	-13.2	13.70	14.98	5.15	18.78	2.33	25.25	BaseAddr	12.2	16.0	4
13	130349	5147.8100	10423.3220	 673.2	 218.2	3114	  931.8	 19.8	  930.7	-12.8	35.62	14.99	5.15	18.77	2.34	25.25	BaseAddr	12.3	16.2	5
13	130449	5147.8112	10423.3288	 722.4	 267.4	2118	  928.9	 19.9	  927.7	-12.5	65.76	14.98	5.15	18.78	2.34	25.25	BaseAddr	12.4	16.3	6
13	130549	5147.8279	10423.3490	 750.3	 295.3	1560	  928.1	 20.0	  926.7	-12.1	101.38	14.98	5.15	18.78	2.31	25.75	BaseAddr	12.5	16.5	7
13	130649	5147.8241	10423.3511	 750.6	 295.6	1730	  928.2	 20.2	  927.2	-11.5	153.44	14.98	5.15	18.78	2.33	25.75	BaseAddr	12.7	16.7	8
13	130749	5147.8214	10423.3456	 752.5	 297.5	1590	  928.0	 20.3	  926.9	-10.8	191.80	14.98	5.15	18.78	2.31	25.75	BaseAddr	12.7	16.9	9
13	130849	5147.8295	10423.3467	 750.9	 295.9	1461	  928.2	 20.4	  926.7	-10.2	219.20	14.98	5.15	18.78	2.34	26.00	BaseAddr	12.9	18.4	10
13	130949	5147.8216	10423.3396	 753.0	 298.0	1534	  928.0	 20.6	  926.9	 -9.6	243.86	14.98	5.15	18.78	2.33	26.00	BaseAddr	12.9	17.2	11
13	131049	5147.8255	10423.3414	 753.6	 298.6	1424	  928.1	 20.7	  926.9	 -9.1	260.30	14.99	5.15	18.78	2.33	26.50	BaseAddr	13.0	17.4	12
13	131149	5147.8246	10423.3429	 753.7	 298.7	1677	  928.2	 20.9	  926.8	 -8.8	271.26	14.98	5.16	18.78	2.31	26.50	BaseAddr	13.2	17.5	13
13	131249	5147.8222	10423.3452	 752.3	 297.3	1639	  928.1	 21.1	  926.7	 -8.6	284.96	14.98	5.15	18.78	2.34	26.25	BaseAddr	13.2	17.7	14
13	131349	5147.8230	10423.3480	 752.9	 297.9	1531	  928.1	 21.2	  926.8	 -8.3	295.92	14.98	5.15	18.78	2.36	26.50	BaseAddr	13.3	17.8	15
13	132228	5147.8238	10423.3497	 751.0	 296.0	1506	  928.3	 22.3	  926.6	 -6.9	367.16	14.97	5.16	18.76	2.65	26.50	-8.00	14.1	19.1	16
13	132328	5147.8244	10423.3410	 753.0	 298.0	1478	  928.2	 22.4	  926.6	 -6.9	361.68	14.97	5.16	18.75	2.62	28.00	-7.50	14.2	19.2	17
13	132428	5147.8268	10423.3463	 752.6	 297.6	1456	  928.4	 22.6	  926.5	 -6.9	367.16	14.97	5.15	18.76	2.62	28.25	-7.50	14.3	19.3	18
13	132538	5147.8260	10423.3482	 751.8	 296.8	1478	  928.5	 22.7	  926.6	 -7.0	372.64	14.97	5.15	18.76	2.62	28.25	-7.25	14.4	19.4	19
13	132729	5147.8259	10423.3475	 751.7	 296.7	1446	  928.5	 23.0	  926.6	 -6.8	389.08	14.98	5.15	18.76	2.62	28.25	-7.25	14.6	19.7	20
13	132829	5147.8323	10423.3579	 750.5	 295.5	1358	  928.6	 23.1	  926.9	 -6.6	391.82	14.97	5.16	18.75	2.68	28.75	-7.00	14.7	19.9	21
13	132929	5147.8275	10423.3560	 751.2	 296.2	1519	  928.6	 23.2	  927.3	 -6.3	400.04	14.97	5.15	18.76	2.64	28.75	-7.00	14.8	20.0	22
13	133038	5147.8285	10423.3573	 752.6	 297.6	1464	  928.5	 23.3	  927.4	 -6.1	413.74	14.97	5.16	18.76	2.64	29.00	-6.75	14.9	20.1	23
13	133230	5147.8380	10423.3691	 766.9	 311.9	1541	  926.6	 23.6	  925.8	 -6.0	430.18	14.97	5.15	18.75	2.64	29.25	-6.00	15.1	20.3	24
13	133330	5147.8443	10423.3974	 780.3	 325.3	1300	  924.8	 23.7	  923.6	 -5.4	515.12	14.97	5.16	18.76	2.60	29.25	-6.00	15.1	20.4	25
13	133440	5147.8444	10423.4097	 798.3	 343.3	1437	  923.0	 23.9	  922.4	 -3.9	567.18	14.98	5.16	18.76	2.60	29.75	-6.00	15.1	20.5	26
13	133540	5147.8435	10423.4235	 815.2	 360.2	1427	  920.9	 24.0	  920.8	 -2.3	630.20	14.97	5.15	18.76	2.65	29.75	-5.75	15.2	20.6	27
13	133731	5147.8467	10423.4482	 853.0	 398.0	1563	  916.5	 24.3	  916.1	  0.0	698.70	14.97	5.16	18.76	2.64	29.75	-5.50	15.3	20.8	28
13	133841	5147.8456	10423.4660	 868.4	 413.4	1559	  915.1	 24.4	  914.4	  0.8	750.76	14.96	5.16	18.75	2.62	30.25	-4.75	15.3	20.9	29
13	133941	5147.8447	10423.4696	 870.2	 415.2	1584	  915.1	 24.3	  915.0	  1.5	753.50	14.97	5.15	18.76	2.59	29.25	-4.50	15.6	21.0	30
13	134041	5147.8457	10423.4714	 867.5	 412.5	1588	  915.1	 23.9	  915.3	  2.0	739.80	14.97	5.15	18.76	2.64	29.00	-4.25	15.9	21.0	31
13	134242	5147.8444	10423.4744	 865.8	 410.8	1583	  915.4	 23.3	  915.1	  2.4	728.84	14.97	5.16	18.76	2.62	29.50	-3.25	16.5	20.9	32
13	134342	5147.8427	10423.4738	 867.1	 412.1	1599	  915.3	 23.1	  915.1	  2.6	731.58	14.97	5.16	18.76	2.60	29.00	-2.75	16.7	21.0	33
13	134442	5147.8418	10423.4720	 867.0	 412.0	1580	  915.2	 23.0	  914.8	  2.7	723.36	14.97	5.15	18.76	2.60	29.50	-2.25	16.9	21.0	34
13	134542	5147.8428	10423.4713	 868.4	 413.4	1592	  915.4	 22.9	  914.9	  2.7	753.50	14.97	5.16	18.73	3.01	29.00	-2.25	17.2	21.1	35
13	134743	5147.8421	10423.4723	 867.5	 412.5	1529	  915.4	 22.6	  914.9	  2.7	761.72	14.97	5.15	18.73	3.01	28.50	-1.00	17.6	20.9	36
13	134843	5147.8380	10423.4741	 866.8	 411.8	1627	  915.3	 22.4	  915.1	  2.6	739.80	14.97	5.15	18.76	2.65	28.75	-0.75	17.9	21.0	37
13	134943	5147.8367	10423.4743	 867.2	 412.2	1628	  915.2	 22.3	  914.8	  2.6	676.78	14.97	5.15	18.74	2.90	28.00	-0.25	18.2	21.0	38
13	135043	5147.8370	10423.4740	 867.2	 412.2	1559	  915.0	 22.2	  914.9	  2.6	695.96	14.97	5.16	18.73	2.90	28.00	0.25	18.4	21.0	39
13	135618	5147.8355	10423.4566	 875.7	 420.7	1575	  914.0	 21.6	  914.2	  2.4	635.68	14.97	5.16	18.75	2.91	27.25	1.50	19.4	21.1	40
13	135718	5147.8280	10423.4592	 874.4	 419.4	1614	  914.0	 21.6	  914.2	  2.3	594.58	14.97	5.15	18.74	2.91	27.00	1.50	19.4	21.2	41
13	135818	5147.8240	10423.4521	 878.7	 423.7	1608	  913.8	 21.6	  914.1	  2.1	638.42	14.97	5.15	18.75	2.87	27.00	1.50	19.6	21.2	42
13	135918	5147.8177	10423.4525	 878.2	 423.2	1697	  913.9	 21.6	  914.5	  2.0	613.76	14.97	5.15	18.74	2.90	27.00	1.50	19.7	21.2	43
13	140119	5147.8080	10423.4549	 877.6	 422.6	1700	  914.0	 21.6	  914.0	  1.4	602.80	14.97	5.15	18.74	2.93	27.00	2.00	19.9	21.5	44
13	140219	5147.7984	10423.4498	 876.7	 421.7	1800	  913.9	 21.7	  913.9	  1.2	569.92	14.97	5.15	18.74	2.91	27.00	2.25	20.0	21.4	45
13	140319	5147.7927	10423.4481	 876.1	 421.1	1739	  914.0	 21.7	  913.8	  1.0	578.14	14.97	5.15	18.75	2.88	27.75	2.00	20.1	21.6	46
13	140419	5147.7825	10423.4361	 877.6	 422.6	1877	  913.9	 21.8	  913.8	  0.7	537.04	14.97	5.15	18.74	2.87	27.75	2.25	20.2	21.6	47
13	140620	5147.7876	10423.4194	 886.9	 431.9	1809	  913.2	 21.9	  913.0	  0.4	542.52	14.97	5.15	18.73	2.93	27.00	2.25	20.4	21.8	48
13	140720	5147.7836	10423.4132	 887.7	 432.7	2012	  913.2	 21.9	  913.0	  0.2	520.60	14.97	5.16	18.74	2.91	27.50	2.25	20.5	21.9	49
13	140820	5147.7716	10423.4119	 884.7	 429.7	1938	  913.7	 22.0	  913.7	  0.1	479.50	14.97	5.15	18.74	2.90	27.50	1.50	20.4	21.9	50
13	140920	5147.7706	10423.4210	 881.2	 426.2	1930	  913.8	 22.1	  913.7	  0.1	528.82	14.97	5.15	18.74	2.90	27.50	1.75	20.5	22.0	51
13	141121	5147.7559	10423.4127	 879.0	 424.0	1760	  914.7	 22.2	  914.5	  0.1	515.12	14.97	5.15	18.74	2.88	27.50	1.50	20.7	22.1	52
13	141221	5147.7514	10423.4184	 872.8	 417.8	1717	  915.1	 22.3	  914.8	 -0.1	482.24	14.97	5.15	18.75	2.87	27.75	1.50	20.8	22.1	53
13	141321	5147.7452	10423.4122	 870.5	 415.5	1615	  915.2	 22.4	  914.7	 -0.3	487.72	14.97	5.15	18.74	2.90	27.75	1.50	20.9	22.1	54
13	141421	5147.7492	10423.4125	 873.4	 418.4	1910	  915.0	 22.4	  914.5	 -0.5	498.68	14.97	5.15	18.74	2.94	27.50	1.50	20.8	21.9	55
13	141622	5147.7641	10423.4177	 877.1	 422.1	1853	  914.4	 22.5	  913.6	 -0.6	493.20	14.97	5.15	18.73	2.93	27.75	1.50	20.9	22.1	56
13	141722	5147.7492	10423.4147	 871.7	 416.7	2065	  914.9	 22.6	  914.2	 -0.6	460.32	14.97	5.16	18.73	2.96	28.00	1.50	21.0	22.1	57
13	141822	5147.7669	10423.4276	 876.5	 421.5	1517	  914.7	 22.6	  914.2	 -0.5	495.94	14.97	5.16	18.74	2.90	28.25	1.50	21.0	22.1	58
13	141922	5147.7689	10423.4283	 877.4	 422.4	1762	  914.8	 22.7	  914.2	 -0.3	515.12	14.97	5.16	18.73	2.91	28.00	1.00	21.0	22.2	59
13	142123	5147.7701	10423.4294	 877.4	 422.4	1497	  914.7	 22.7	  914.4	  0.1	534.30	14.97	5.16	18.74	2.90	28.00	1.00	21.2	22.2	60
13	142223	5147.7688	10423.4387	 873.9	 418.9	1756	  915.1	 22.8	  914.5	  0.3	526.08	14.97	5.16	18.74	2.91	28.00	1.00	21.2	22.2	61
13	142323	5147.7722	10423.4339	 877.9	 422.9	1786	  914.7	 22.8	  913.9	  0.5	528.82	14.97	5.15	18.74	2.94	28.00	1.00	21.1	22.3	62
13	142422	5147.7735	10423.4372	 876.9	 421.9	1900	  914.8	 22.8	  913.8	  0.7	526.08	14.97	5.16	18.74	2.85	28.25	1.25	21.2	22.4	63
13	142624	5147.7754	10423.4374	 876.2	 421.2	1835	  914.8	 22.9	  913.8	  1.0	528.82	14.97	5.15	18.73	2.91	28.00	1.50	21.3	22.3	64
13	142724	5147.7673	10423.4286	 874.7	 419.7	1833	  914.9	 22.9	  913.8	  1.0	520.60	14.97	5.15	18.74	2.85	28.25	1.50	21.3	22.4	65
13	142824	5147.7688	10423.4280	 878.2	 423.2	1661	  914.7	 23.0	  914.1	  1.1	531.56	14.97	5.15	18.74	2.87	28.25	1.50	21.4	22.4	66
13	142934	5147.7774	10423.4520	 881.1	 426.1	1640	  914.2	 23.0	  913.5	  1.0	545.26	14.97	5.15	18.74	2.93	28.75	1.75	21.4	22.4	67
13	143125	5147.7773	10423.4430	 910.1	 455.1	1702	  910.4	 23.1	  909.6	  1.1	594.58	14.97	5.16	18.74	2.88	28.75	1.50	21.5	22.5	68
13	143225	5147.7809	10423.4627	 921.1	 466.1	1706	  909.1	 23.1	  908.4	  1.1	600.06	14.96	5.15	18.75	2.90	28.25	1.75	21.6	22.6	69
13	143335	5147.7800	10423.4625	 939.3	 484.3	1465	  907.3	 23.1	  906.6	  1.1	654.86	14.97	5.15	18.75	2.85	28.50	2.00	21.5	22.8	70
13	143435	5147.7811	10423.4762	 939.7	 484.7	1389	  907.6	 23.2	  906.7	  1.0	632.94	14.97	5.15	18.74	2.91	28.50	1.75	21.6	22.7	71
13	143626	5147.7808	10423.4558	 946.8	 491.8	1536	  906.4	 23.2	  905.9	  1.0	654.86	14.97	5.16	18.74	2.88	28.50	2.00	21.7	22.7	72
13	143736	5147.7760	10423.4669	 942.0	 487.0	1727	  907.3	 23.3	  906.7	  1.0	632.94	14.96	5.16	18.74	2.87	28.50	1.75	21.8	22.7	73
13	143836	5147.7835	10423.4749	 941.4	 486.4	1660	  907.4	 23.3	  906.6	  1.0	668.56	14.97	5.16	18.74	2.88	28.75	2.00	21.9	24.7	74
13	143936	5147.7891	10423.4747	 942.6	 487.6	1538	  907.3	 23.4	  906.5	  1.0	652.12	14.97	5.16	18.74	2.88	28.75	2.00	21.8	22.9	75
13	144137	5147.7890	10423.4847	 937.8	 482.8	1464	  907.9	 23.5	  907.2	  1.1	635.68	14.97	5.16	18.74	2.91	28.75	2.00	21.8	23.0	76
13	144237	5147.7914	10423.4720	 945.7	 490.7	1712	  906.9	 23.5	  906.4	  1.1	646.64	14.97	5.15	18.74	2.88	28.75	2.50	22.0	22.9	77
13	144337	5147.7908	10423.4885	 938.9	 483.9	1423	  907.7	 23.5	  907.4	  1.2	663.08	14.97	5.15	18.74	2.87	28.75	2.50	22.0	23.0	78
13	144437	5147.8000	10423.4860	 941.4	 486.4	1372	  907.5	 23.6	  907.3	  1.3	652.12	14.96	5.16	18.75	2.88	29.00	2.25	22.1	23.1	79
13	144638	5147.7870	10423.4817	 939.8	 484.8	1704	  907.4	 23.6	  907.0	  1.5	665.82	14.97	5.15	18.75	2.84	29.00	2.25	22.1	23.1	80
13	144738	5147.7831	10423.4681	 944.2	 489.2	1444	  907.1	 23.7	  907.0	  1.6	630.20	14.96	5.15	18.75	2.90	29.00	2.25	22.2	23.2	81
13	144838	5147.7892	10423.4729	 943.7	 488.7	1615	  907.0	 23.7	  907.1	  1.6	632.94	14.97	5.15	18.74	2.94	29.00	2.25	22.2	23.1	82
13	144938	5147.8038	10423.4882	 939.5	 484.5	1573	  907.4	 23.8	  907.5	  1.7	627.46	14.97	5.16	18.75	2.87	29.00	2.50	22.3	23.2	83
13	145139	5147.8092	10423.4784	 944.0	 489.0	1472	  906.9	 23.9	  907.3	  2.0	649.38	14.97	5.16	18.74	2.87	29.00	2.75	22.3	23.3	84
13	145239	5147.8073	10423.4727	 948.9	 493.9	1220	  906.8	 23.9	  906.9	  2.1	674.04	14.97	5.15	18.75	2.90	29.25	3.00	22.4	23.4	85
13	145339	5147.7862	10423.4629	 949.9	 494.9	1746	  906.5	 24.0	  906.5	  2.1	668.56	14.96	5.15	18.75	2.85	29.25	2.75	22.4	23.3	86
13	145439	5147.7905	10423.4588	 955.4	 500.4	1545	  906.9	 24.0	  906.8	  2.1	671.30	14.97	5.15	18.75	2.90	29.50	2.75	22.6	23.5	87
13	145640	5147.7870	10423.4696	 949.2	 494.2	1459	  907.0	 24.1	  907.0	  2.0	646.64	14.97	5.15	18.74	2.88	29.25	2.75	22.6	23.7	88
13	145740	5147.7757	10423.4569	 951.8	 496.8	1890	  906.3	 24.1	  906.5	  2.0	652.12	14.97	5.15	18.75	2.90	29.25	2.75	22.7	23.6	89
13	150213	5147.7575	10423.4467	 947.7	 492.7	1895	  907.4	 24.3	  907.4	  2.0	608.28	14.97	5.15	18.75	2.87	29.50	3.00	22.9	23.8	90
13	150313	5147.7942	10423.4654	 953.7	 498.7	1647	  906.8	 24.4	  906.8	  2.0	616.50	14.97	5.16	18.74	2.91	29.50	3.25	22.9	23.9	91
13	150413	5147.7830	10423.4554	 952.5	 497.5	1467	  906.6	 24.4	  906.7	  2.0	646.64	14.97	5.15	18.74	2.91	29.75	3.00	22.9	23.9	92
13	150513	5147.7930	10423.4689	 951.0	 496.0	1317	  906.9	 24.4	  906.8	  1.9	657.60	14.97	5.15	18.75	2.93	29.50	3.25	23.0	23.9	93
13	150714	5147.7778	10423.4572	 951.6	 496.6	1873	  907.2	 24.5	  907.2	  2.0	649.38	14.96	5.16	18.74	2.87	29.75	3.25	23.0	24.1	94
13	150814	5147.7752	10423.4794	 944.8	 489.8	1905	  907.8	 24.6	  908.0	  2.1	567.18	14.97	5.16	18.73	3.02	29.75	3.25	23.1	24.0	95
13	150914	5147.7983	10423.4769	 950.1	 495.1	1519	  907.2	 24.6	  907.0	  2.1	600.06	14.96	5.15	18.74	2.85	30.00	3.25	23.1	24.0	96
13	151024	5147.7842	10423.4770	 951.2	 496.2	1675	  907.6	 24.6	  907.6	  2.1	624.72	14.96	5.16	18.75	2.91	30.00	3.25	23.1	23.9	97
13	151215	5147.7761	10423.4565	 953.2	 498.2	1689	  906.8	 24.7	  906.8	  1.9	616.50	14.97	5.16	18.75	2.90	30.00	3.25	23.2	24.0	98
13	151315	5147.7872	10423.4730	 951.8	 496.8	1264	  907.2	 24.7	  907.4	  2.0	591.84	14.97	5.15	18.74	2.88	30.00	3.25	23.1	24.1	99
13	151425	5147.7929	10423.4904	 944.4	 489.4	1561	  908.0	 24.7	  907.8	  1.9	654.86	14.97	5.16	18.74	2.91	30.00	3.25	23.2	24.1	100
13	151525	5147.7735	10423.4537	 953.3	 498.3	1712	  906.9	 24.7	  907.0	  2.0	600.06	14.97	5.16	18.75	2.84	30.00	3.50	23.2	24.1	101
13	151716	5147.7860	10423.4814	 945.5	 490.5	1528	  907.8	 24.8	  907.6	  2.0	597.32	14.97	5.15	18.75	2.87	30.00	3.25	23.2	24.1	102
13	151826	5147.7927	10423.4753	 949.5	 494.5	1525	  907.3	 24.8	  907.0	  2.0	646.64	14.97	5.16	18.74	2.90	30.25	3.25	23.3	24.1	103
13	151926	5147.7406	10423.4339	 943.7	 488.7	1643	  907.8	 24.8	  907.7	  1.9	583.62	14.96	5.16	18.74	2.96	30.25	3.75	23.2	24.1	104
13	152026	5147.7639	10423.4599	 947.4	 492.4	1528	  907.6	 24.8	  907.2	  1.7	564.44	14.97	5.16	18.75	2.88	30.00	3.25	23.2	24.1	105
13	152227	5147.7846	10423.4735	 949.9	 494.9	1535	  907.5	 24.8	  907.0	  1.4	624.72	14.97	5.16	18.74	2.88	30.25	3.50	23.2	24.1	106
13	152327	5147.7773	10423.4773	 945.8	 490.8	1607	  907.8	 24.8	  907.1	  1.3	586.36	14.96	5.16	18.75	2.90	30.25	3.25	23.2	24.1	107
13	152427	5147.7589	10423.4227	 957.8	 502.8	1600	  906.7	 24.8	  905.7	  1.1	583.62	14.97	5.16	18.75	2.88	30.25	3.25	23.3	24.1	108
13	152527	5147.7543	10423.4581	 944.5	 489.5	1458	  908.1	 24.8	  907.4	  1.0	545.26	14.97	5.16	18.75	2.91	30.00	3.50	23.2	24.2	109
13	152728	5147.7745	10423.4700	 946.0	 491.0	1220	  907.6	 24.9	  906.6	  1.0	550.74	14.96	5.16	18.75	2.87	30.25	3.00	23.2	24.3	110
13	152828	5147.7632	10423.4389	 957.2	 502.2	2139	  906.9	 24.9	  906.3	  1.1	558.96	14.96	5.16	18.75	2.90	30.25	3.25	23.3	24.2	111
13	152928	5147.7593	10423.4620	 946.8	 491.8	2199	  908.1	 24.9	  907.4	  1.1	550.74	14.97	5.15	18.75	2.85	30.25	3.00	23.3	24.3	112
13	153028	5147.7731	10423.4836	 942.3	 487.3	1276	  908.3	 24.9	  907.6	  1.1	506.90	14.96	5.15	18.75	2.85	30.50	3.25	23.3	24.2	113
13	153229	5147.7322	10423.4273	 941.6	 486.6	1871	  908.4	 24.9	  907.7	  0.9	523.34	14.96	5.15	18.75	2.90	30.25	3.00	23.4	24.2	114
13	153329	5147.7556	10423.4450	 947.8	 492.8	1776	  907.9	 24.9	  907.1	  0.8	506.90	14.97	5.15	18.75	2.90	30.50	3.25	23.4	24.2	115
13	153429	5147.7521	10423.4412	 949.5	 494.5	1932	  907.4	 24.9	  906.5	  0.8	531.56	14.97	5.16	18.75	2.90	30.25	2.75	23.3	24.2	116
13	153529	5147.7652	10423.4639	 946.4	 491.4	2150	  907.3	 24.9	  906.8	  0.8	512.38	14.97	5.15	18.75	2.87	30.25	3.00	23.3	26.1	117
13	153730	5147.7521	10423.4470	 946.4	 491.4	1490	  907.9	 24.9	  907.0	  0.8	531.56	14.97	5.15	18.74	2.98	30.25	2.50	23.3	24.2	118
13	153830	5147.7572	10423.4322	 955.5	 500.5	1746	  906.8	 24.9	  906.2	  1.0	534.30	14.96	5.15	18.75	2.98	30.00	3.00	23.3	24.2	119
13	153930	5147.7645	10423.4340	 956.0	 501.0	1717	  906.7	 24.9	  906.0	  1.0	517.86	14.97	5.16	18.75	2.88	30.50	2.75	23.3	24.2	120
13	154030	5147.7664	10423.4615	 947.3	 492.3	2083	  907.8	 24.9	  906.9	  1.0	509.64	14.97	5.16	18.75	2.90	30.25	3.00	23.3	24.2	121
13	154231	5147.7413	10423.4263	 947.1	 492.1	2094	  907.6	 24.9	  907.0	  1.0	526.08	14.97	5.15	18.75	2.88	30.25	3.00	23.3	24.2	122
13	154331	5147.7269	10423.4211	 938.7	 483.7	1616	  908.5	 24.9	  907.7	  0.8	446.62	14.97	5.16	18.74	2.85	30.25	3.00	23.2	24.0	123
13	154431	5147.7476	10423.4342	 946.5	 491.5	1590	  907.0	 24.8	  906.5	  0.4	542.52	14.97	5.16	18.74	2.88	30.25	3.00	23.2	24.0	124
13	154531	5147.7357	10423.3959	 953.3	 498.3	1651	  907.4	 24.8	  906.5	  0.2	468.54	14.97	5.15	18.74	2.93	30.25	2.75	23.3	23.9	125
13	154732	5147.7272	10423.4095	 944.6	 489.6	1775	  908.3	 24.7	  907.9	 -0.3	419.22	14.98	5.16	18.75	2.88	30.25	2.50	23.1	23.7	126
13	154832	5147.7156	10423.3725	 942.5	 487.5	1922	  908.5	 24.6	  907.5	 -0.7	427.44	14.97	5.15	18.76	2.91	30.00	2.25	23.0	23.6	127
13	154932	5147.7259	10423.3587	 948.0	 493.0	1421	  907.3	 24.6	  906.1	 -1.0	465.80	14.97	5.16	18.76	2.87	30.00	2.50	22.9	23.6	128
13	155032	5147.6937	10423.3383	 925.8	 470.8	1739	  909.9	 24.5	  908.5	 -1.2	430.18	14.97	5.16	18.75	2.85	30.25	2.25	22.8	23.4	129
13	155233	5147.6965	10423.3350	 926.5	 471.5	1961	  909.6	 24.3	  908.6	 -1.5	380.86	14.97	5.16	18.75	2.88	29.75	2.00	22.6	23.1	130
13	155333	5147.7091	10423.4095	 928.3	 473.3	1699	  910.2	 24.2	  909.6	 -1.6	347.98	14.97	5.16	18.75	2.99	30.00	2.00	22.5	23.0	131
13	155433	5147.7230	10423.3108	 950.0	 495.0	2412	  906.5	 24.1	  906.3	 -1.8	438.40	14.97	5.16	18.75	2.88	29.50	1.50	22.4	22.9	132
13	155543	5147.7033	10423.3803	 930.8	 475.8	1831	  909.2	 24.0	  908.9	 -1.8	391.82	14.97	5.16	18.74	2.99	29.75	1.75	22.2	22.8	133
13	155734	5147.7109	10423.3467	 939.1	 484.1	1727	  907.7	 23.8	  907.4	 -1.8	468.54	14.97	5.15	18.75	2.93	29.50	1.50	22.0	22.6	134
13	155834	5147.7050	10423.3326	 934.7	 479.7	1962	  908.4	 23.7	  908.1	 -1.8	460.32	14.97	5.16	18.75	2.88	29.25	1.25	21.9	22.4	135
13	155934	5147.7113	10423.3444	 940.2	 485.2	1557	  908.1	 23.6	  907.6	 -1.9	405.52	14.97	5.16	18.75	2.88	29.00	1.00	21.8	22.3	136
13	160034	5147.7075	10423.3558	 933.4	 478.4	2005	  908.5	 23.5	  907.8	 -1.8	427.44	14.97	5.15	18.75	2.90	29.25	1.25	21.7	22.2	137
13	160235	5147.7011	10423.3402	 932.4	 477.4	1937	  909.5	 23.3	  909.2	 -1.7	331.54	14.97	5.15	18.76	2.90	29.00	0.75	21.6	23.8	138
13	160335	5147.7101	10423.3248	 939.9	 484.9	2078	  908.2	 23.2	  907.5	 -1.9	383.60	14.97	5.16	18.75	2.88	29.00	0.75	21.4	21.8	139
13	160445	5147.7004	10423.3299	 931.7	 476.7	1840	  909.1	 23.1	  908.8	 -1.9	350.72	14.97	5.16	18.76	2.88	28.75	1.00	21.4	21.8	140
13	160545	5147.7141	10423.3402	 941.0	 486.0	2068	  908.0	 23.0	  907.5	 -1.9	353.46	14.97	5.16	18.75	2.87	28.75	0.75	21.3	21.7	141
13	160736	5147.7057	10423.3171	 935.1	 480.1	1901	  908.7	 22.8	  908.7	 -2.0	353.46	14.96	5.15	18.76	2.91	28.50	0.50	21.1	21.4	142
13	160846	5147.7044	10423.3275	 930.8	 475.8	1989	  908.9	 22.7	  908.4	 -2.0	391.82	14.96	5.15	18.76	2.85	28.50	0.50	21.1	21.4	143
13	160946	5147.7211	10423.3401	 948.0	 493.0	1720	  907.5	 22.7	  907.5	 -2.0	372.64	14.97	5.15	18.75	2.91	28.25	0.75	20.9	21.3	144
13	161046	5147.7120	10423.3503	 937.2	 482.2	1850	  908.3	 22.6	  908.2	 -2.1	326.06	14.96	5.15	18.74	2.98	28.25	0.50	20.8	21.2	145
13	161247	5147.7120	10423.3574	 936.5	 481.5	1789	  908.2	 22.4	  908.1	 -2.2	356.20	14.97	5.16	18.75	2.93	28.00	0.25	20.7	21.0	146
13	161347	5147.7074	10423.3494	 936.3	 481.3	1897	  908.5	 22.3	  908.4	 -2.2	375.38	14.97	5.15	18.75	2.87	28.25	0.50	20.6	21.0	147
13	161447	5147.7142	10423.3465	 939.9	 484.9	1875	  908.0	 22.3	  908.4	 -2.1	345.24	14.97	5.16	18.74	3.01	28.50	0.50	20.4	21.0	148
13	161547	5147.7100	10423.3302	 936.3	 481.3	1806	  908.0	 22.3	  908.2	 -2.0	364.42	14.96	5.15	18.75	2.99	28.50	0.50	20.2	21.0	149
13	161748	5147.7106	10423.3382	 939.8	 484.8	1862	  908.2	 22.4	  908.5	 -2.1	342.50	14.97	5.16	18.74	2.96	28.50	0.25	19.9	21.0	150
13	161848	5147.7076	10423.3247	 936.5	 481.5	2089	  908.5	 22.5	  908.5	 -2.2	334.28	14.96	5.16	18.77	2.62	28.50	0.25	19.5	20.9	151
13	161948	5147.7119	10423.3398	 938.2	 483.2	1873	  908.4	 22.5	  908.4	 -2.3	320.58	14.96	5.15	18.78	2.62	28.75	0.00	19.4	21.0	152
13	162048	5147.7145	10423.3367	 940.6	 485.6	1950	  908.0	 22.6	  907.8	 -2.4	369.90	14.98	5.16	18.74	2.91	29.00	0.25	19.3	21.0	153
13	162249	5147.7198	10423.3267	 943.1	 488.1	1872	  907.7	 22.9	  907.1	 -2.6	356.20	14.97	5.15	18.77	2.64	29.00	0.00	18.6	21.0	154
13	162349	5147.6967	10423.3318	 927.7	 472.7	2000	  909.9	 23.0	  909.2	 -2.7	315.10	14.96	5.16	18.78	2.64	29.00	0.00	18.5	21.0	155
13	162449	5147.6968	10423.3174	 928.1	 473.1	1999	  910.0	 23.1	  909.0	 -2.9	304.14	14.97	5.16	18.74	2.94	29.00	-0.50	18.3	21.0	156
13	162549	5147.6988	10423.3274	 927.0	 472.0	1793	  909.4	 23.2	  908.0	 -2.9	356.20	14.97	5.16	18.78	2.62	28.75	-0.25	18.2	20.9	157
13	162750	5147.6979	10423.3391	 927.4	 472.4	1935	  909.3	 23.3	  908.7	 -2.8	386.34	14.97	5.15	18.77	2.64	29.25	-0.25	17.9	20.9	158
13	162850	5147.7071	10423.3386	 935.0	 480.0	1856	  908.5	 23.5	  907.9	 -2.8	304.14	14.97	5.15	18.77	2.64	29.00	0.00	17.7	20.9	159
13	162950	5147.7290	10423.3434	 948.8	 493.8	1923	  907.0	 23.5	  906.7	 -2.7	306.88	14.97	5.16	18.78	2.64	29.00	-0.25	17.6	20.9	160
13	163050	5147.7008	10423.3315	 928.7	 473.7	1784	  908.7	 23.6	  908.3	 -2.8	298.66	14.97	5.15	18.77	2.60	29.25	-0.25	17.5	22.7	161
13	163251	5147.7020	10423.3570	 926.5	 471.5	1767	  909.3	 23.7	  908.5	 -3.0	282.22	14.97	5.16	18.74	3.05	29.00	-0.25	17.3	20.8	162
13	163351	5147.7027	10423.2962	 928.4	 473.4	2197	  909.0	 23.8	  908.3	 -3.3	282.22	14.97	5.15	18.77	2.65	29.00	-0.50	17.4	20.9	163
13	163451	5147.6840	10423.3631	 909.7	 454.7	2210	  911.7	 23.9	  910.6	 -3.6	213.72	14.97	5.15	18.74	3.02	29.25	-0.50	17.2	20.9	164
13	163551	5147.6937	10423.3477	 919.9	 464.9	1926	  910.3	 23.8	  910.2	 -4.0	219.20	14.97	5.16	18.77	2.64	29.25	-0.75	17.1	20.9	165
13	163752	5147.6888	10423.2936	 914.4	 459.4	1901	  910.7	 23.8	  909.9	 -4.2	221.94	14.97	5.15	18.77	2.64	29.25	-0.75	16.8	20.9	166
13	163852	5147.6718	10423.3032	 899.1	 444.1	2096	  912.5	 23.9	  912.0	 -3.9	257.56	14.97	5.15	18.78	2.60	29.50	-0.75	16.9	20.9	167
13	163952	5147.6807	10423.3336	 907.4	 452.4	2092	  912.1	 24.0	  911.4	 -3.6	260.30	14.97	5.16	18.77	2.70	29.25	-0.75	16.8	20.9	168
13	164052	5147.7120	10423.2971	 933.8	 478.8	1930	  908.7	 24.1	  907.9	 -3.4	246.60	14.97	5.16	18.77	2.62	29.50	-0.75	16.8	20.9	169
13	164253	5147.7179	10423.3144	 942.7	 487.7	1965	  908.1	 24.2	  907.8	 -4.0	254.82	14.97	5.16	18.77	2.64	29.50	-1.25	16.6	20.9	170
13	164353	5147.7050	10423.3036	 950.8	 495.8	2144	  906.2	 24.3	  905.6	 -4.0	268.52	14.97	5.16	18.74	2.98	29.00	-1.00	16.5	21.0	171
13	164453	5147.6836	10423.3276	 937.9	 482.9	1985	  909.0	 24.3	  908.7	 -4.1	235.64	14.97	5.15	18.77	2.73	29.25	-1.00	16.4	22.6	172
13	164553	5147.6850	10423.3528	 960.0	 505.0	1808	  905.6	 24.2	  905.2	 -4.3	290.44	14.97	5.15	18.77	2.67	29.25	-1.25	16.5	20.9	173
13	164754	5147.6508	10423.3071	 939.4	 484.4	1850	  907.3	 24.3	  906.8	 -4.3	320.58	14.97	5.16	18.77	2.70	29.25	-1.25	16.2	20.9	174
13	164854	5147.6838	10423.2813	 972.6	 517.6	2164	  904.2	 24.4	  903.6	 -4.3	345.24	14.97	5.16	18.77	2.59	29.75	-1.50	16.3	20.9	175
13	164954	5147.6837	10423.2979	 975.5	 520.5	2000	  904.1	 24.5	  903.5	 -4.3	279.48	14.97	5.16	18.78	2.60	30.00	-1.50	16.3	21.0	176
13	165104	5147.6905	10423.3135	 980.4	 525.4	2048	  903.4	 24.5	  902.9	 -4.3	304.14	14.97	5.16	18.77	2.62	29.50	-1.50	16.2	21.0	177
13	165255	5147.6690	10423.3401	 962.6	 507.6	2261	  905.9	 24.6	  904.9	 -4.4	235.64	14.97	5.15	18.77	2.65	29.75	-1.75	16.1	21.0	178
13	165355	5147.6825	10423.3127	 974.8	 519.8	1968	  904.3	 24.7	  903.4	 -4.4	276.74	14.96	5.15	18.77	2.62	29.50	-1.75	16.0	21.0	179
13	165505	5147.6710	10423.3191	 963.2	 508.2	2165	  905.6	 24.7	  904.8	 -4.5	252.08	14.97	5.16	18.76	2.68	29.75	-1.75	15.9	21.0	180
13	165605	5147.6636	10423.3107	 956.5	 501.5	2049	  906.5	 24.6	  905.4	 -4.4	260.30	14.97	5.15	18.77	2.62	29.50	-1.75	15.8	22.5	181
13	165756	5147.6666	10423.2959	 958.2	 503.2	1800	  906.2	 24.7	  905.5	 -4.3	301.40	14.97	5.16	18.77	2.60	29.75	-2.00	15.8	20.9	182
13	165906	5147.6812	10423.3109	 972.5	 517.5	1870	  904.6	 24.8	  903.8	 -4.2	265.78	14.97	5.15	18.77	2.67	29.75	-1.75	15.8	20.9	183
13	170006	5147.6664	10423.3328	 958.1	 503.1	1982	  906.3	 24.7	  905.4	 -4.2	271.26	14.97	5.15	18.77	2.64	29.25	-2.00	15.6	20.9	184
13	170106	5147.6616	10423.3687	 951.7	 496.7	1777	  907.1	 24.7	  906.6	 -4.3	230.16	14.97	5.16	18.77	2.60	29.50	-1.50	15.7	20.9	185
13	170307	5147.6459	10423.3243	 993.1	 538.1	2039	  902.0	 24.9	  901.1	 -4.4	268.52	14.97	5.15	18.77	2.60	30.00	-2.00	15.7	21.0	186
13	170407	5147.6579	10423.3089	1019.7	 564.7	2040	  899.5	 25.0	  898.3	 -4.4	315.10	14.97	5.16	18.77	2.62	30.00	-2.00	15.6	20.9	187
13	170507	5147.6517	10423.3553	1013.1	 558.1	1806	  900.4	 25.0	  899.1	 -4.6	309.62	14.98	5.16	18.77	2.60	29.50	-2.00	15.5	20.9	188
13	170607	5147.6576	10423.3212	1018.9	 563.9	1844	  899.3	 25.0	  897.9	 -4.6	380.86	14.97	5.16	18.77	2.62	29.75	-1.75	15.6	20.8	189
13	170808	5147.6621	10423.3146	1024.5	 569.5	1914	  898.8	 25.1	  897.7	 -4.7	326.06	14.97	5.15	18.76	2.68	29.75	-2.25	15.5	20.9	190
13	170908	5147.6716	10423.3022	1032.9	 577.9	1940	  898.2	 25.2	  896.9	 -4.7	293.18	14.97	5.16	18.76	2.62	30.00	-2.25	15.4	21.0	191
13	171008	5147.6757	10423.3223	1036.6	 581.6	1938	  897.4	 25.2	  896.1	 -4.7	312.36	14.97	5.15	18.76	2.64	30.00	-2.25	15.4	20.9	192
13	171108	5147.6655	10423.3433	1026.2	 571.2	1804	  898.9	 25.1	  897.5	 -4.7	326.06	14.97	5.16	18.76	2.62	29.50	-2.25	15.3	20.9	193
13	171309	5147.6734	10423.3049	1035.3	 580.3	2062	  897.7	 25.2	  896.5	 -4.8	342.50	14.97	5.16	18.75	2.62	29.50	-2.25	15.2	20.9	194
13	171409	5147.6637	10423.3220	1026.6	 571.6	2033	  898.9	 25.2	  897.7	 -4.8	304.14	14.96	5.15	18.75	2.62	29.75	-2.25	15.3	20.8	195
13	171822	5147.6710	10423.3251	1033.5	 578.5	2057	  898.2	 25.3	  896.9	 -4.9	350.72	14.97	5.16	18.74	2.64	29.25	-2.25	15.2	20.8	196
13	171932	5147.6675	10423.3307	1029.9	 574.9	2006	  898.8	 25.1	  897.4	 -4.9	293.18	14.97	5.16	18.75	2.60	29.25	-2.25	15.1	20.8	197
13	172032	5147.6574	10423.3417	1019.8	 564.8	1968	  899.8	 25.1	  898.4	 -4.9	295.92	14.97	5.16	18.73	2.67	29.50	-2.25	15.3	20.8	198
13	172132	5147.6537	10423.3604	1018.7	 563.7	1971	  900.3	 25.2	  899.2	 -4.9	290.44	14.97	5.16	18.74	2.65	29.25	-2.25	15.2	20.8	199
13	172333	5147.6441	10423.3286	1008.0	 553.0	2199	  901.3	 25.2	  899.8	 -4.9	271.26	14.96	5.16	18.74	2.62	29.50	-2.50	15.2	20.8	200
13	172433	5147.6519	10423.3180	1017.3	 562.3	2060	  900.5	 25.2	  899.1	 -4.9	246.60	14.97	5.15	18.69	3.13	29.75	-2.50	15.0	20.8	201
13	172533	5147.6477	10423.3410	1010.7	 555.7	1903	  901.0	 25.2	  899.9	 -4.8	268.52	14.97	5.15	18.74	2.64	29.75	-2.50	15.2	20.8	202
13	172633	5147.6576	10423.3288	1018.9	 563.9	2064	  899.5	 25.2	  897.9	 -4.8	260.30	14.97	5.15	18.74	2.59	29.50	-2.50	15.1	20.8	203
13	172834	5147.6720	10423.3324	1035.9	 580.9	1990	  898.3	 25.2	  897.0	 -4.9	317.84	14.97	5.15	18.75	2.60	29.75	-2.75	15.1	20.8	204
13	172934	5147.6695	10423.3379	1035.9	 580.9	1939	  898.7	 25.1	  897.5	 -4.9	279.48	14.97	5.15	18.74	2.64	29.50	-2.50	14.9	20.7	205
13	173034	5147.6646	10423.3305	1032.2	 577.2	1989	  899.1	 25.0	  897.7	 -5.0	232.90	14.97	5.16	18.74	2.62	29.75	-2.50	15.0	22.3	206
13	173134	5147.6642	10423.3316	1033.2	 578.2	1922	  899.0	 24.9	  897.8	 -5.0	284.96	14.97	5.15	18.73	2.70	29.50	-2.50	15.0	20.7	207
13	173335	5147.6561	10423.3350	1024.7	 569.7	2063	  899.9	 24.8	  898.8	 -5.0	232.90	14.97	5.15	18.74	2.65	29.50	-2.50	15.0	20.7	208
13	173435	5147.6525	10423.3308	1019.0	 564.0	1998	  900.3	 24.8	  899.0	 -5.0	254.82	14.97	5.15	18.74	2.62	29.00	-2.75	14.9	20.6	209
13	173535	5147.6576	10423.3344	1023.8	 568.8	1900	  899.6	 24.7	  898.6	 -5.0	246.60	14.97	5.15	18.74	2.62	29.25	-2.50	15.0	20.5	210
13	173635	5147.6673	10423.3425	1033.8	 578.8	1918	  898.8	 24.8	  897.5	 -5.0	268.52	14.97	5.15	18.71	3.01	29.25	-2.75	15.0	20.6	211
13	173836	5147.6808	10423.3376	1045.8	 590.8	1877	  897.3	 24.6	  896.1	 -5.1	298.66	14.98	5.15	18.74	2.60	29.50	-2.50	15.0	20.6	212
13	173936	5147.6766	10423.3422	1041.6	 586.6	1963	  898.1	 24.7	  897.2	 -5.1	282.22	14.97	5.15	18.74	2.62	29.25	-2.50	14.9	20.5	213
13	174036	5147.6645	10423.3636	1031.0	 576.0	1933	  899.6	 24.7	  898.6	 -5.1	276.74	14.97	5.16	18.74	2.62	29.50	-2.75	15.1	20.5	214
13	174136	5147.6640	10423.3501	1033.4	 578.4	2003	  899.0	 24.7	  898.0	 -5.2	257.56	14.97	5.15	18.74	2.64	29.50	-2.75	15.1	20.5	215


