date	time	N	E	H	H-455	compass	P_hpa0	T0,C	P_hpa1	T1,C	dP,kpa	U15,V	U5,V	Uac,V	I,A	Tpow,C	Tmos,C	Bot,C	Top,C
11	121429	5147.8068	10423.3223	 538.1	  83.1	1702	  970.4	 23.8	  968.0	-11.7	257.56	14.99	5.15	18.79	2.31	27.50	-9.50	14.0	20.0	1
11	121529	5147.8052	10423.3184	 537.8	  82.8	1707	  970.4	 23.7	  968.1	-11.7	254.82	14.98	5.15	18.79	2.33	27.25	-9.25	13.8	20.0	2
11	121629	5147.8048	10423.3214	 537.1	  82.1	1612	  970.5	 23.6	  968.2	-11.7	268.52	14.98	5.16	18.79	2.34	27.75	-9.25	13.8	20.1	3
11	121729	5147.8058	10423.3197	 538.2	  83.2	1669	  970.5	 23.5	  968.2	-11.7	263.04	14.98	5.15	18.80	2.31	27.25	-9.25	13.6	20.0	4
11	121829	5147.8057	10423.3201	 537.6	  82.6	1671	  970.5	 23.5	  968.2	-11.7	252.08	14.98	5.15	18.79	2.33	27.75	-9.25	13.6	20.0	5
11	121929	5147.8099	10423.3201	 539.1	  84.1	1909	  970.2	 23.5	  968.1	-11.7	246.60	14.98	5.15	18.79	2.31	27.50	-9.50	13.5	20.0	6
11	122029	5147.8062	10423.3235	 537.6	  82.6	1774	  970.5	 23.5	  968.1	-11.7	257.56	14.98	5.15	18.79	2.33	27.25	-9.25	13.4	20.0	7
11	122129	5147.8077	10423.3276	 538.1	  83.1	1649	  970.6	 23.5	  968.3	-11.7	246.60	14.98	5.15	18.80	2.36	27.50	-9.50	13.3	19.9	8
11	122229	5147.8066	10423.3222	 547.9	  92.9	1633	  969.5	 23.5	  967.1	-11.7	268.52	14.98	5.15	18.80	2.31	27.00	-9.25	13.1	19.9	9
11	122329	5147.8084	10423.3232	 559.9	 104.9	1600	  967.7	 23.4	  965.5	-11.7	271.26	14.98	5.15	18.80	2.34	27.25	-9.50	12.9	20.0	10
11	122429	5147.8048	10423.3233	 568.6	 113.6	1610	  966.6	 23.4	  964.5	-11.8	279.48	14.98	5.15	18.80	2.31	27.00	-9.25	12.8	20.0	11
11	122529	5147.8002	10423.3171	 575.5	 120.5	1642	  965.7	 23.4	  963.7	-11.8	284.96	14.98	5.15	18.80	2.33	27.25	-9.50	12.8	20.0	12
11	122629	5147.8031	10423.3233	 592.0	 137.0	1656	  963.7	 23.3	  961.5	-11.8	301.40	14.98	5.15	18.80	2.33	27.25	-9.75	12.6	20.0	13
11	122729	5147.7996	10423.3240	 595.2	 140.2	1610	  963.8	 23.3	  961.4	-11.9	301.40	14.98	5.15	18.80	2.31	27.25	-9.50	12.6	20.0	14
11	122829	5147.8003	10423.3251	 598.2	 143.2	1596	  963.0	 23.3	  960.7	-11.9	306.88	14.98	5.16	18.80	2.33	26.75	-9.75	12.5	20.0	15
11	122929	5147.7984	10423.3214	 606.4	 151.4	1658	  961.7	 23.3	  959.5	-12.0	306.88	14.98	5.15	18.80	2.31	26.75	BaseAddr	12.5	20.0	16
11	123029	5147.7974	10423.3238	 616.8	 161.8	1653	  960.2	 23.3	  958.2	-12.0	320.58	14.98	5.15	18.79	2.34	26.75	-9.50	12.4	20.0	17
11	123129	5147.7968	10423.3225	 623.6	 168.6	1617	  959.1	 23.3	  956.9	-12.1	331.54	14.98	5.15	18.80	2.31	26.75	-9.75	12.3	20.0	18
11	123229	5147.7964	10423.3228	 641.4	 186.4	1627	  957.8	 23.2	  955.7	-12.1	339.76	14.98	5.15	18.80	2.34	27.00	-9.75	12.2	19.9	19
11	123329	5147.7963	10423.3223	 650.4	 195.4	1641	  956.9	 23.2	  954.8	-12.2	345.24	14.98	5.15	18.79	2.34	26.75	-9.75	12.0	20.0	20
11	123429	5147.7932	10423.3220	 655.9	 200.9	1644	  955.8	 23.1	  953.7	-12.2	353.46	14.99	5.16	18.77	2.74	26.75	-9.75	12.1	20.0	21
11	123529	5147.7945	10423.3211	 665.8	 210.8	1677	  954.6	 23.1	  952.4	-12.4	367.16	14.98	5.15	18.81	2.31	27.00	BaseAddr	12.1	19.8	22
11	123629	5147.7944	10423.3210	 666.5	 211.5	1649	  953.5	 23.1	  951.5	-12.4	369.90	14.99	5.16	18.76	2.70	26.50	BaseAddr	12.0	19.8	23
11	123729	5147.7940	10423.3208	 667.3	 212.3	1689	  952.2	 23.0	  950.4	-12.5	380.86	14.98	5.16	18.80	2.33	26.25	BaseAddr	12.0	19.8	24
11	123829	5147.7937	10423.3207	 668.4	 213.4	1700	  950.8	 23.0	  948.9	-12.6	391.82	14.99	5.15	18.80	2.33	27.75	-9.75	12.1	19.7	25
11	123929	5147.7893	10423.3231	 696.4	 241.4	1612	  949.3	 23.0	  947.5	-12.7	402.78	14.98	5.15	18.80	2.34	26.75	BaseAddr	11.9	19.7	26
11	124029	5147.7882	10423.3253	 707.8	 252.8	1577	  948.5	 23.0	  946.6	-12.7	408.26	14.98	5.15	18.80	2.31	26.50	BaseAddr	11.9	19.7	27
11	124129	5147.7862	10423.3263	 722.9	 267.9	1560	  947.5	 23.0	  945.7	-12.8	411.00	14.99	5.15	18.80	2.34	26.50	BaseAddr	11.9	19.6	28
11	124229	5147.7843	10423.3184	 732.9	 277.9	1647	  946.6	 22.9	  945.0	-12.9	424.70	14.98	5.16	18.80	2.34	26.25	BaseAddr	11.7	19.7	29
11	124329	5147.7834	10423.3191	 739.8	 284.8	1690	  945.7	 22.9	  944.0	-13.0	432.92	14.99	5.15	18.80	2.33	26.25	BaseAddr	11.7	19.6	30
11	124429	5147.7828	10423.3181	 747.6	 292.6	1674	  944.8	 22.9	  943.0	-13.1	438.40	14.99	5.16	18.80	2.33	26.25	BaseAddr	11.7	19.6	31
11	124529	5147.7811	10423.3198	 752.8	 297.8	1650	  943.9	 22.9	  942.1	-13.2	435.66	14.98	5.15	18.79	2.31	25.75	BaseAddr	11.6	19.6	32
11	124629	5147.7810	10423.3197	 758.1	 303.1	1664	  943.0	 22.8	  941.2	-13.2	454.84	14.98	5.15	18.79	2.31	26.25	BaseAddr	11.5	19.5	33
11	124729	5147.7797	10423.3263	 765.1	 310.1	1582	  942.1	 22.7	  940.0	-13.3	454.84	14.99	5.15	18.80	2.31	26.00	BaseAddr	11.4	19.4	34
11	124829	5147.7814	10423.3222	 769.3	 314.3	1696	  942.1	 22.7	  940.1	-13.3	449.36	14.98	5.15	18.79	2.33	26.00	BaseAddr	11.5	19.4	35
11	124929	5147.7826	10423.3220	 767.7	 312.7	1626	  942.0	 22.7	  940.2	-13.4	443.88	14.98	5.16	18.80	2.31	26.00	BaseAddr	11.3	19.4	36
11	125029	5147.7827	10423.3298	 769.6	 314.6	1582	  942.0	 22.7	  939.9	-13.4	441.14	14.99	5.15	18.80	2.37	26.00	BaseAddr	11.5	19.3	37
11	125129	5147.7839	10423.3323	 769.8	 314.8	1577	  941.9	 22.7	  939.8	-13.4	441.14	14.98	5.16	18.80	2.31	25.75	BaseAddr	11.3	20.8	38
11	125229	5147.7854	10423.3362	 769.9	 314.9	1424	  942.0	 22.7	  940.0	-13.4	438.40	14.98	5.15	18.80	2.36	25.50	BaseAddr	11.3	19.2	39
11	125329	5147.7866	10423.3415	 770.6	 315.6	1436	  941.9	 22.7	  940.1	-13.4	430.18	14.98	5.16	18.80	2.31	25.50	BaseAddr	11.1	19.3	40
11	125429	5147.7879	10423.3405	 772.3	 317.3	1419	  942.0	 22.7	  939.8	-13.4	435.66	14.98	5.15	18.80	2.31	25.75	BaseAddr	11.1	19.2	41
11	125529	5147.7899	10423.3398	 770.8	 315.8	1051	  942.0	 22.7	  939.9	-13.4	432.92	14.98	5.15	18.80	2.34	25.75	BaseAddr	11.1	19.2	42
11	125629	5147.8070	10423.3459	 776.3	 321.3	 895	  941.6	 22.6	  939.5	-13.4	424.70	14.99	5.15	18.80	2.33	26.00	BaseAddr	11.1	19.1	43
11	125729	5147.7866	10423.3316	 770.0	 315.0	1551	  942.0	 22.6	  939.7	-13.4	413.74	14.98	5.16	18.80	2.31	25.50	BaseAddr	11.0	19.1	44
11	125829	5147.7881	10423.3265	 771.9	 316.9	1649	  942.0	 22.6	  939.8	-13.4	411.00	14.98	5.15	18.80	2.31	25.25	BaseAddr	11.0	19.0	45
11	130707	5147.7920	10423.3398	 770.5	 315.5	1605	  941.9	 22.3	  939.8	-13.3	380.86	14.97	5.15	18.79	2.59	25.75	BaseAddr	10.8	18.8	46
11	130807	5147.7901	10423.3289	 770.6	 315.6	1566	  941.9	 22.3	  939.8	-13.4	378.12	14.97	5.15	18.78	2.62	25.50	BaseAddr	10.8	18.8	47
11	130907	5147.7901	10423.3298	 770.3	 315.3	1603	  941.8	 22.3	  939.8	-13.4	380.86	14.97	5.15	18.77	2.60	26.00	BaseAddr	10.8	18.8	48
11	131007	5147.7897	10423.3358	 768.5	 313.5	1551	  941.8	 22.3	  940.1	-13.4	372.64	14.97	5.15	18.78	2.60	25.50	BaseAddr	10.8	18.8	49
11	131208	5147.7898	10423.3311	 769.5	 314.5	1557	  941.8	 22.3	  939.8	-13.4	369.90	14.97	5.15	18.78	2.64	26.00	BaseAddr	10.8	18.8	50
11	131308	5147.7906	10423.3344	 770.0	 315.0	1526	  941.8	 22.3	  939.8	-13.4	367.16	14.97	5.15	18.78	2.65	25.75	BaseAddr	10.7	18.8	51
11	131408	5147.7912	10423.3335	 770.2	 315.2	1516	  941.8	 22.4	  939.8	-13.4	367.16	14.97	5.15	18.78	2.62	25.75	BaseAddr	10.7	18.8	52
11	131508	5147.7914	10423.3345	 770.3	 315.3	1546	  941.7	 22.3	  939.6	-13.4	367.16	14.97	5.15	18.78	2.60	25.50	BaseAddr	10.7	18.8	53
11	131709	5147.7867	10423.3430	 774.9	 319.9	1361	  941.2	 22.4	  939.3	-13.4	372.64	14.97	5.15	18.78	2.60	26.00	BaseAddr	10.7	18.7	54
11	131809	5147.7862	10423.3329	 791.4	 336.4	1546	  939.2	 22.4	  937.2	-13.5	391.82	14.97	5.15	18.77	2.60	25.75	BaseAddr	10.7	18.8	55
11	131909	5147.7875	10423.3214	 806.2	 351.2	1746	  937.2	 22.4	  935.4	-13.5	424.70	14.98	5.16	18.77	2.62	26.00	BaseAddr	10.9	20.3	56
11	132009	5147.7979	10423.3525	 823.7	 368.7	1180	  935.3	 22.4	  933.5	-13.5	449.36	14.97	5.15	18.77	2.62	26.00	BaseAddr	10.6	18.7	57
11	132210	5147.7967	10423.3340	 855.2	 400.2	1385	  931.8	 22.4	  929.9	-13.6	468.54	14.97	5.15	18.78	2.64	26.00	BaseAddr	10.7	18.7	58
11	132310	5147.7988	10423.3431	 867.5	 412.5	1203	  930.0	 22.4	  928.2	-13.7	493.20	14.97	5.16	18.77	2.60	26.25	BaseAddr	10.7	18.7	59
11	132410	5147.8112	10423.3316	 884.2	 429.2	1216	  928.1	 22.4	  926.3	-13.8	504.16	14.97	5.15	18.78	2.65	26.00	BaseAddr	10.8	18.6	60
11	132510	5147.8028	10423.3424	 895.5	 440.5	 905	  926.7	 22.5	  924.9	-13.9	517.86	14.97	5.15	18.78	2.64	25.75	BaseAddr	10.8	18.7	61
11	132711	5147.8060	10423.3533	 926.0	 471.0	1064	  923.1	 22.5	  921.5	-14.1	553.48	14.97	5.15	18.77	2.62	26.00	BaseAddr	10.9	18.8	62
11	132811	5147.8109	10423.3518	 940.2	 485.2	 789	  921.4	 22.5	  919.7	-14.2	561.70	14.97	5.15	18.78	2.60	26.25	BaseAddr	10.9	18.8	63
11	132911	5147.8144	10423.3445	 957.1	 502.1	 270	  919.5	 22.5	  918.1	-14.3	583.62	14.97	5.14	18.78	2.62	26.00	BaseAddr	11.0	18.7	64
11	133011	5147.7948	10423.3317	 969.8	 514.8	1293	  917.9	 22.6	  916.5	-14.4	586.36	14.97	5.15	18.78	2.60	26.25	BaseAddr	11.0	18.8	65
11	133212	5147.8160	10423.3449	 997.8	 542.8	 284	  914.4	 22.6	  913.1	-14.6	613.76	14.97	5.15	18.78	2.64	26.25	BaseAddr	11.3	18.8	66
11	133312	5147.8035	10423.3352	1012.6	 557.6	 954	  912.6	 22.6	  911.3	-14.7	627.46	14.97	5.15	18.77	2.62	26.50	BaseAddr	11.3	18.9	67
11	133412	5147.8165	10423.3390	1027.4	 572.4	 570	  911.0	 22.7	  909.6	-14.9	635.68	14.97	5.15	18.78	2.62	27.00	BaseAddr	11.4	18.8	68
11	133512	5147.7950	10423.3494	1040.0	 585.0	 853	  909.4	 22.7	  908.1	-15.0	649.38	14.97	5.15	18.77	2.59	26.75	BaseAddr	11.5	18.8	69
11	133712	5147.8071	10423.3595	1051.6	 596.6	 856	  908.3	 22.8	  906.7	-15.2	652.12	14.97	5.15	18.78	2.60	26.75	BaseAddr	11.6	19.0	70
11	133813	5147.8163	10423.3546	1052.4	 597.4	 762	  908.3	 22.8	  906.8	-15.3	641.16	14.97	5.15	18.78	2.59	26.75	BaseAddr	11.6	20.6	71
11	133913	5147.8187	10423.3537	1052.7	 597.7	 597	  908.3	 22.9	  906.7	-15.4	630.20	14.97	5.15	18.78	2.59	27.00	BaseAddr	11.8	19.0	72
11	134012	5147.8141	10423.3643	1051.7	 596.7	 662	  908.3	 22.9	  906.6	-15.4	616.50	14.97	5.15	18.78	2.60	27.00	BaseAddr	11.8	19.1	73
11	134436	5147.8145	10423.3687	1050.0	 595.0	 851	  908.2	 23.1	  906.7	-15.7	594.58	14.97	5.15	18.77	2.60	27.25	BaseAddr	12.0	19.2	74
11	134536	5147.8211	10423.3714	1050.3	 595.3	 682	  908.4	 23.1	  906.8	-15.7	594.58	14.97	5.15	18.77	2.60	27.50	BaseAddr	12.1	19.3	75
11	134636	5147.8085	10423.3652	1050.7	 595.7	 759	  908.4	 23.1	  906.8	-15.7	594.58	14.97	5.16	18.78	2.57	27.50	BaseAddr	12.2	19.5	76
11	134736	5147.8125	10423.3491	1052.3	 597.3	 685	  908.2	 23.2	  906.8	-15.7	591.84	14.97	5.15	18.78	2.60	27.00	BaseAddr	12.2	19.5	77
11	134937	5147.8136	10423.3376	1055.1	 600.1	 636	  908.1	 23.3	  906.6	-15.8	548.00	14.96	5.15	18.78	2.60	27.25	BaseAddr	12.2	19.6	78
11	135037	5147.8111	10423.3375	1054.3	 599.3	 605	  908.1	 23.2	  906.6	-15.8	531.56	14.97	5.15	18.77	2.60	27.50	BaseAddr	12.4	19.6	79
11	135137	5147.8087	10423.3441	1053.7	 598.7	 762	  908.2	 23.2	  907.0	-15.8	517.86	14.97	5.15	18.78	2.62	27.50	BaseAddr	12.5	19.6	80
11	135247	5147.8195	10423.3544	1053.9	 598.9	 566	  908.2	 23.3	  907.1	-15.8	520.60	14.97	5.15	18.78	2.62	27.75	BaseAddr	12.5	19.7	81
11	135438	5147.8113	10423.3609	1053.0	 598.0	 726	  908.3	 23.2	  907.1	-15.8	523.34	14.97	5.15	18.78	2.60	27.75	BaseAddr	12.6	19.8	82
11	135538	5147.8062	10423.3649	1055.8	 600.8	 781	  908.5	 23.2	  907.2	-15.8	531.56	14.97	5.15	18.77	2.60	27.75	BaseAddr	12.8	19.8	83
11	135648	5147.8075	10423.3658	1052.4	 597.4	 791	  908.3	 23.3	  907.1	-15.8	534.30	14.97	5.16	18.76	2.64	28.25	BaseAddr	12.8	19.9	84
11	135748	5147.8164	10423.3552	1053.4	 598.4	 423	  908.2	 23.3	  906.8	-15.7	537.04	14.97	5.15	18.78	2.64	27.75	BaseAddr	12.8	20.0	85
11	135939	5147.8196	10423.3483	1055.3	 600.3	 592	  908.2	 23.5	  906.9	-15.8	520.60	14.97	5.16	18.78	2.60	28.25	BaseAddr	12.9	20.0	86
11	140049	5147.8178	10423.3494	1054.7	 599.7	 705	  908.3	 23.5	  907.0	-15.8	509.64	14.97	5.15	18.77	2.62	28.25	BaseAddr	12.9	20.1	87
11	140149	5147.8232	10423.3457	1055.7	 600.7	 335	  908.2	 23.6	  907.0	-15.8	506.90	14.97	5.15	18.77	2.62	28.00	BaseAddr	13.1	20.1	88
11	140249	5147.8176	10423.3447	1054.0	 599.0	 572	  908.2	 23.7	  907.0	-15.8	490.46	14.97	5.15	18.78	2.60	28.00	BaseAddr	13.2	20.2	89
11	140450	5147.8138	10423.3721	1050.7	 595.7	 779	  908.4	 23.8	  907.4	-15.8	476.76	14.97	5.15	18.78	2.62	28.00	BaseAddr	13.1	20.3	90
11	140550	5147.8166	10423.3470	1054.6	 599.6	 631	  908.3	 23.8	  907.1	-15.8	498.68	14.97	5.15	18.78	2.60	28.00	BaseAddr	13.2	20.3	91
11	140650	5147.8188	10423.3532	1053.6	 598.6	 627	  908.3	 23.7	  907.1	-15.8	482.24	14.97	5.16	18.77	2.62	28.50	BaseAddr	13.2	20.3	92
11	140750	5147.8153	10423.3381	1053.8	 598.8	 688	  908.2	 23.8	  907.1	-15.8	484.98	14.97	5.16	18.77	2.59	28.75	BaseAddr	13.4	20.4	93
11	140951	5147.8099	10423.3383	1053.7	 598.7	1097	  908.2	 23.8	  907.1	-15.9	449.36	14.97	5.16	18.77	2.65	28.50	BaseAddr	13.5	20.5	94
11	141051	5147.8147	10423.3455	1052.4	 597.4	 572	  908.4	 23.8	  907.1	-15.9	438.40	14.97	5.15	18.78	2.60	28.75	BaseAddr	13.7	20.6	95
11	141151	5147.8092	10423.3432	1053.1	 598.1	 960	  908.3	 23.9	  907.2	-15.9	438.40	14.97	5.15	18.78	2.62	28.50	BaseAddr	13.7	20.6	96
11	141251	5147.8105	10423.3514	1052.3	 597.3	 820	  908.5	 23.9	  907.4	-15.9	430.18	14.96	5.15	18.77	2.62	28.50	BaseAddr	13.8	20.6	97
11	141452	5147.8139	10423.3437	1051.7	 596.7	 670	  908.4	 23.9	  907.2	-15.9	430.18	14.96	5.15	18.74	3.04	28.75	BaseAddr	13.9	20.6	98
11	141552	5147.8103	10423.3622	1049.4	 594.4	 815	  908.5	 23.7	  907.5	-15.8	427.44	14.96	5.15	18.77	2.62	28.75	BaseAddr	14.1	20.7	99
11	141652	5147.8137	10423.3601	1052.1	 597.1	 690	  908.4	 23.8	  907.5	-15.8	438.40	14.97	5.15	18.77	2.60	28.75	BaseAddr	14.1	20.7	100
11	141752	5147.8065	10423.3550	1050.5	 595.5	 986	  908.4	 23.8	  907.1	-15.8	443.88	14.97	5.15	18.77	2.60	29.00	BaseAddr	14.2	20.7	101
11	141953	5147.8073	10423.3487	1050.8	 595.8	 921	  908.5	 24.0	  907.1	-15.8	446.62	14.97	5.16	18.77	2.60	29.25	BaseAddr	14.3	20.9	102
11	142053	5147.8092	10423.3561	1050.1	 595.1	 950	  908.6	 24.0	  907.1	-15.8	441.14	14.97	5.15	18.78	2.59	29.25	BaseAddr	14.3	20.9	103
11	142153	5147.8060	10423.3523	1051.4	 596.4	 986	  908.6	 24.0	  907.4	-15.8	446.62	14.97	5.16	18.77	2.62	29.00	BaseAddr	14.3	21.0	104
11	142253	5147.8071	10423.3506	1052.9	 597.9	1047	  908.5	 23.9	  907.3	-15.7	438.40	14.97	5.15	18.77	2.62	28.75	BaseAddr	14.4	20.9	105
11	142454	5147.8064	10423.3440	1053.2	 598.2	 845	  908.4	 23.6	  907.3	-15.7	421.96	14.97	5.15	18.77	2.62	29.00	BaseAddr	14.6	21.0	106
11	142554	5147.8060	10423.3510	1054.0	 599.0	 997	  908.5	 23.7	  907.1	-15.7	424.70	14.97	5.16	18.77	2.60	29.25	BaseAddr	14.8	20.9	107
11	142654	5147.8099	10423.3542	1053.8	 598.8	 877	  908.5	 23.6	  907.3	-15.7	421.96	14.97	5.15	18.74	3.01	28.50	BaseAddr	14.9	20.9	108
11	142754	5147.8101	10423.3454	1055.8	 600.8	 779	  908.5	 23.5	  907.2	-15.7	421.96	14.97	5.16	18.78	2.60	29.25	BaseAddr	14.9	20.9	109
11	142955	5147.8122	10423.3508	1053.6	 598.6	 753	  908.6	 23.3	  907.2	-15.7	413.74	14.97	5.15	18.77	2.59	29.00	BaseAddr	15.2	20.9	110
11	143055	5147.8125	10423.3494	1054.2	 599.2	 784	  908.5	 23.4	  907.3	-15.7	402.78	14.97	5.15	18.78	2.64	29.25	BaseAddr	15.2	21.0	111
11	143155	5147.8118	10423.3476	1054.4	 599.4	 736	  908.5	 23.4	  907.4	-15.7	397.30	14.97	5.16	18.77	2.62	29.00	BaseAddr	15.2	21.0	112
11	143255	5147.8131	10423.3456	1054.3	 599.3	 801	  908.6	 23.2	  907.2	-15.7	397.30	14.97	5.16	18.77	2.60	29.00	BaseAddr	15.4	21.0	113
11	143456	5147.8146	10423.3448	1053.3	 598.3	 698	  908.7	 23.2	  907.3	-15.7	375.38	14.97	5.16	18.77	2.60	28.75	BaseAddr	15.6	21.0	114
11	143556	5147.8148	10423.3448	1053.4	 598.4	 710	  908.7	 23.1	  907.2	-15.7	372.64	14.97	5.16	18.77	2.59	29.00	BaseAddr	15.6	20.9	115
11	143656	5147.8130	10423.3460	1052.3	 597.3	 733	  908.6	 23.2	  907.2	-15.7	369.90	14.97	5.15	18.77	2.60	28.50	BaseAddr	15.8	20.9	116
11	143756	5147.8153	10423.3469	1052.6	 597.6	 686	  908.5	 23.0	  907.3	-15.7	369.90	14.97	5.15	18.78	2.60	29.00	BaseAddr	15.8	20.9	117
11	143957	5147.8080	10423.3503	1053.8	 598.8	 986	  908.6	 23.1	  907.3	-15.7	367.16	14.97	5.16	18.77	2.59	29.25	BaseAddr	15.9	21.0	118
11	144057	5147.8101	10423.3417	1053.9	 598.9	 957	  908.7	 23.1	  907.2	-15.7	367.16	14.97	5.16	18.77	2.62	29.00	BaseAddr	16.0	21.0	119
11	144157	5147.8063	10423.3485	1053.6	 598.6	1075	  908.6	 23.0	  907.3	-15.7	369.90	14.97	5.15	18.78	2.59	28.50	BaseAddr	16.1	20.9	120
11	144307	5147.8108	10423.3496	1054.1	 599.1	 845	  908.7	 23.0	  907.1	-15.7	367.16	14.97	5.16	18.78	2.60	28.75	BaseAddr	16.1	21.0	121
11	144458	5147.8047	10423.3379	1053.8	 598.8	1076	  908.8	 22.9	  907.3	-15.7	372.64	14.97	5.16	18.77	2.60	28.75	BaseAddr	16.3	21.0	122
11	144558	5147.8124	10423.3375	1053.1	 598.1	1043	  908.8	 22.7	  907.2	-15.7	358.94	14.97	5.15	18.73	3.10	28.50	BaseAddr	16.6	21.0	123
11	144708	5147.8120	10423.3439	1052.9	 597.9	 872	  908.9	 22.8	  907.3	-15.7	353.46	14.97	5.15	18.74	3.05	28.75	BaseAddr	16.6	20.9	124
11	144808	5147.8150	10423.3462	1053.1	 598.1	 801	  908.8	 22.8	  907.2	-15.7	345.24	14.96	5.15	18.77	2.65	29.00	BaseAddr	16.8	21.0	125
11	144959	5147.8210	10423.3497	1052.8	 597.8	 675	  908.9	 22.7	  907.4	-15.7	339.76	14.97	5.16	18.77	2.60	28.25	BaseAddr	16.8	20.9	126
11	145109	5147.7996	10423.3385	1053.3	 598.3	1307	  909.0	 22.7	  907.5	-15.7	334.28	14.97	5.15	18.78	2.60	29.00	BaseAddr	16.8	21.0	127
11	145209	5147.8073	10423.3280	1054.0	 599.0	1491	  908.8	 22.6	  907.2	-15.7	342.50	14.97	5.16	18.77	2.62	28.25	BaseAddr	16.9	20.9	128
11	145309	5147.8079	10423.3218	1053.8	 598.8	1536	  908.8	 22.7	  907.2	-15.7	339.76	14.97	5.16	18.77	2.62	29.00	BaseAddr	17.0	21.0	129
11	145510	5147.8126	10423.3236	1052.8	 597.8	1520	  908.8	 22.5	  907.3	-15.7	309.62	14.97	5.15	18.77	2.62	28.00	BaseAddr	17.2	21.1	130
11	145610	5147.8104	10423.3300	1053.8	 598.8	1350	  908.7	 22.3	  907.2	-15.8	293.18	14.97	5.16	18.78	2.62	27.75	BaseAddr	17.6	20.9	131
11	145710	5147.8130	10423.3347	1053.4	 598.4	1735	  908.7	 22.4	  907.1	-15.8	284.96	14.97	5.15	18.78	2.62	28.50	BaseAddr	17.6	20.9	132
11	145810	5147.8207	10423.3464	1052.3	 597.3	 352	  908.9	 22.7	  907.5	-15.8	298.66	14.97	5.16	18.75	2.91	28.50	BaseAddr	17.6	22.6	133
11	150012	5147.8130	10423.3474	1052.8	 597.8	 845	  908.8	 22.3	  907.5	-15.8	301.40	14.97	5.15	18.78	2.62	28.00	BaseAddr	17.8	21.1	134
11	150112	5147.8130	10423.3449	1052.0	 597.0	 756	  908.8	 22.1	  907.5	-15.8	301.40	14.96	5.15	18.77	2.62	27.50	BaseAddr	18.0	20.9	135
11	150212	5147.8129	10423.3433	1052.3	 597.3	 664	  908.6	 22.1	  907.3	-15.7	306.88	14.97	5.15	18.74	3.01	28.50	BaseAddr	17.9	21.0	136
11	150312	5147.8140	10423.3435	1051.1	 596.1	 872	  908.8	 22.1	  907.2	-15.7	309.62	14.97	5.16	18.78	2.64	27.50	BaseAddr	18.1	21.1	137
11	150513	5147.8169	10423.3396	1051.8	 596.8	 722	  908.7	 21.9	  907.2	-15.8	293.18	14.97	5.16	18.77	2.62	27.50	BaseAddr	18.2	21.1	138
11	150613	5147.8168	10423.3394	1052.2	 597.2	 703	  908.5	 21.8	  907.3	-15.8	284.96	14.97	5.15	18.78	2.60	27.50	BaseAddr	18.3	21.0	139
11	150713	5147.8201	10423.3462	1053.8	 598.8	 705	  908.7	 21.8	  907.6	-15.8	279.48	14.97	5.15	18.78	2.59	27.50	BaseAddr	18.4	21.1	140
11	150813	5147.8155	10423.3399	1055.0	 600.0	 775	  908.5	 21.7	  907.5	-15.8	276.74	14.97	5.16	18.78	2.60	27.25	BaseAddr	18.4	20.9	141
11	151014	5147.8181	10423.3358	1056.8	 601.8	 801	  908.5	 21.6	  907.6	-15.8	268.52	14.97	5.15	18.78	2.60	27.25	BaseAddr	18.5	21.0	142
11	151114	5147.8178	10423.3356	1056.8	 601.8	 933	  908.5	 21.6	  907.5	-15.8	257.56	14.96	5.15	18.75	2.96	27.75	BaseAddr	18.6	21.1	143
11	151214	5147.8175	10423.3353	1056.8	 601.8	1047	  908.4	 21.6	  907.5	-15.8	246.60	14.96	5.15	18.78	2.60	27.25	BaseAddr	18.7	21.1	144
11	151314	5147.8152	10423.3358	1057.1	 602.1	1020	  908.4	 21.5	  907.6	-15.8	241.12	14.97	5.15	18.78	2.59	27.00	BaseAddr	18.6	21.0	145
11	151515	5147.8200	10423.3319	1059.2	 604.2	 806	  908.5	 21.5	  907.5	-15.8	232.90	14.96	5.15	18.77	2.57	27.25	BaseAddr	18.7	21.0	146
11	151615	5147.8135	10423.3287	1057.8	 602.8	1278	  908.4	 21.5	  907.6	-15.9	219.20	14.97	5.15	18.78	2.59	26.75	BaseAddr	18.7	21.0	147
11	151714	5147.8175	10423.3289	1056.9	 601.9	 905	  908.4	 21.4	  907.3	-15.9	202.76	14.97	5.16	18.78	2.59	26.75	BaseAddr	18.9	21.0	148
11	151814	5147.8157	10423.3321	1056.7	 601.7	 974	  908.4	 21.4	  907.4	-15.9	197.28	14.97	5.15	18.78	2.60	27.00	BaseAddr	18.8	21.0	149
11	152015	5147.8073	10423.3372	1058.7	 603.7	1682	  908.4	 21.3	  907.6	-15.9	213.72	14.96	5.15	18.75	2.93	26.75	BaseAddr	18.9	21.0	150
11	152115	5147.8008	10423.3473	1057.4	 602.4	1262	  908.5	 21.3	  907.6	-15.9	230.16	14.97	5.15	18.78	2.60	26.50	BaseAddr	18.8	21.1	151
11	152215	5147.8054	10423.3646	1057.7	 602.7	1154	  908.6	 21.3	  907.5	-15.9	254.82	14.97	5.15	18.75	2.91	26.75	BaseAddr	18.8	21.0	152
11	152315	5147.7869	10423.3356	1056.4	 601.4	1511	  908.7	 21.3	  907.9	-15.8	274.00	14.97	5.16	18.75	2.94	27.00	BaseAddr	18.9	21.1	153
11	152516	5147.7978	10423.3364	1057.5	 602.5	1274	  908.5	 21.3	  907.6	-15.7	301.40	14.97	5.15	18.77	2.59	26.50	BaseAddr	18.8	21.0	154
11	152616	5147.7971	10423.3327	1059.9	 604.9	1437	  908.6	 21.3	  907.6	-15.7	304.14	14.97	5.15	18.75	2.91	26.75	BaseAddr	18.8	21.2	155
11	152716	5147.7958	10423.3300	1058.9	 603.9	1489	  908.6	 21.3	  907.4	-15.7	309.62	14.97	5.16	18.75	2.93	26.50	BaseAddr	18.8	21.0	156
11	152816	5147.7944	10423.3474	1057.1	 602.1	1379	  908.7	 21.3	  907.7	-15.6	315.10	14.97	5.15	18.74	3.07	27.00	BaseAddr	18.8	21.1	157
11	153017	5147.7965	10423.3478	1057.3	 602.3	1218	  908.7	 21.3	  907.7	-15.6	323.32	14.97	5.15	18.78	2.62	26.75	BaseAddr	18.8	21.0	158
11	153117	5147.7989	10423.3269	1057.6	 602.6	1396	  908.6	 21.3	  907.3	-15.5	326.06	14.97	5.16	18.77	2.64	26.75	BaseAddr	18.8	21.1	159
11	153217	5147.8027	10423.3435	1056.2	 601.2	1328	  908.6	 21.3	  907.4	-15.6	320.58	14.97	5.15	18.75	2.87	26.75	BaseAddr	18.8	21.1	160
11	153327	5147.8040	10423.3394	1057.5	 602.5	1291	  908.6	 21.4	  907.5	-15.6	323.32	14.97	5.16	18.77	2.60	26.75	BaseAddr	18.7	21.0	161
11	153518	5147.8003	10423.3461	1056.6	 601.6	1093	  908.7	 21.4	  907.5	-15.6	309.62	14.97	5.15	18.72	2.98	26.75	BaseAddr	18.7	21.1	162
11	153618	5147.7962	10423.3369	1055.9	 600.9	1371	  908.6	 21.4	  907.5	-15.6	317.84	14.97	5.15	18.76	2.60	27.25	BaseAddr	18.6	21.0	163
11	153728	5147.7975	10423.3308	1057.8	 602.8	1451	  908.6	 21.4	  907.4	-15.6	315.10	14.97	5.15	18.73	3.04	26.75	BaseAddr	18.6	21.1	164
11	153828	5147.8047	10423.3383	1057.6	 602.6	1266	  908.6	 21.4	  907.4	-15.6	306.88	14.97	5.15	18.73	2.90	27.00	BaseAddr	18.6	21.0	165
11	154019	5147.8081	10423.3327	1058.5	 603.5	1354	  908.6	 21.4	  907.3	-15.7	293.18	14.97	5.15	18.73	2.93	26.75	BaseAddr	18.6	21.1	166
11	154129	5147.8117	10423.3440	1055.8	 600.8	 996	  908.6	 21.4	  907.4	-15.7	284.96	14.97	5.16	18.72	2.99	26.75	BaseAddr	18.7	21.0	167
11	154229	5147.8071	10423.3296	1052.9	 597.9	 873	  908.7	 21.4	  907.7	-15.7	276.74	14.97	5.15	18.75	2.59	27.00	BaseAddr	18.7	21.0	168
11	154329	5147.8000	10423.3554	1052.5	 597.5	1235	  908.9	 21.4	  907.8	-15.7	274.00	14.97	5.15	18.75	2.59	26.75	BaseAddr	18.6	21.0	169
11	154530	5147.8057	10423.3516	1053.7	 598.7	1041	  908.8	 21.6	  907.5	-15.7	287.70	14.97	5.15	18.71	3.04	26.75	BaseAddr	18.4	21.0	170
11	154630	5147.7951	10423.3434	1051.5	 596.5	1362	  908.9	 21.5	  907.8	-15.7	284.96	14.97	5.16	18.71	3.07	26.75	BaseAddr	18.5	21.0	171
11	154730	5147.8018	10423.3435	1055.8	 600.8	1102	  908.8	 21.5	  907.5	-15.7	290.44	14.97	5.15	18.74	2.59	27.00	BaseAddr	18.6	21.0	172
11	154830	5147.8066	10423.3569	1053.8	 598.8	1038	  908.9	 21.6	  907.6	-15.7	293.18	14.97	5.16	18.72	2.93	27.25	BaseAddr	18.3	21.0	173
11	155031	5147.8075	10423.3470	1054.9	 599.9	1162	  908.8	 21.6	  907.7	-15.7	282.22	14.97	5.15	18.72	2.93	27.00	BaseAddr	18.3	21.0	174
11	155131	5147.8076	10423.3353	1054.3	 599.3	1200	  908.8	 21.6	  907.4	-15.7	271.26	14.97	5.16	18.71	2.99	27.25	BaseAddr	18.4	21.1	175
11	155231	5147.8101	10423.3330	1054.9	 599.9	1444	  908.8	 21.6	  907.4	-15.7	271.26	14.97	5.15	18.75	2.64	26.50	BaseAddr	18.3	21.0	176
11	155331	5147.8134	10423.3478	1053.4	 598.4	 883	  908.8	 21.6	  907.7	-15.7	252.08	14.96	5.15	18.72	2.93	27.25	BaseAddr	18.3	21.0	177
11	155532	5147.8115	10423.3361	1056.2	 601.2	1115	  908.8	 21.6	  907.6	-15.8	243.86	14.97	5.15	18.72	2.91	27.00	BaseAddr	18.4	21.1	178
11	155632	5147.8113	10423.3562	1056.2	 601.2	 876	  908.9	 21.6	  907.9	-15.8	238.38	14.97	5.15	18.72	2.88	27.00	BaseAddr	18.4	20.9	179
11	155732	5147.8000	10423.3459	1055.2	 600.2	1304	  908.9	 21.6	  907.7	-15.8	252.08	14.97	5.15	18.74	2.62	27.75	BaseAddr	18.3	21.0	180
11	155832	5147.8127	10423.3497	1056.4	 601.4	 974	  908.8	 21.7	  907.9	-15.7	252.08	14.97	5.16	18.74	2.62	27.25	BaseAddr	18.2	21.0	181
11	160033	5147.8071	10423.3384	1056.6	 601.6	1269	  908.9	 21.7	  907.7	-15.8	249.34	14.97	5.15	18.71	3.04	27.25	BaseAddr	18.1	21.0	182
11	160133	5147.7976	10423.3401	1055.0	 600.0	1492	  908.8	 21.7	  907.8	-15.7	249.34	14.97	5.16	18.75	2.64	27.00	BaseAddr	18.2	21.0	183
11	160233	5147.8032	10423.3342	1057.3	 602.3	1370	  908.8	 21.7	  907.6	-15.8	249.34	14.97	5.16	18.74	2.60	26.75	BaseAddr	18.2	21.0	184
11	160333	5147.8056	10423.3407	1055.8	 600.8	1249	  908.8	 21.7	  907.8	-15.8	243.86	14.97	5.16	18.72	2.93	26.75	BaseAddr	18.2	20.9	185
11	160534	5147.8064	10423.3396	1055.0	 600.0	1213	  908.8	 21.7	  907.6	-15.8	238.38	14.97	5.16	18.71	3.02	27.50	BaseAddr	18.3	21.0	186
11	160634	5147.8099	10423.3360	1056.4	 601.4	1102	  908.7	 21.7	  907.5	-15.8	230.16	14.97	5.16	18.72	2.98	27.25	BaseAddr	18.2	21.1	187
11	160734	5147.8092	10423.3376	1056.4	 601.4	1213	  908.8	 21.7	  907.6	-15.8	221.94	14.97	5.15	18.75	2.64	27.00	BaseAddr	18.2	21.0	188
11	160834	5147.8135	10423.3378	1055.8	 600.8	 861	  908.8	 21.6	  907.6	-15.9	210.98	14.97	5.15	18.75	2.60	27.00	BaseAddr	18.3	21.1	189
11	161035	5147.8149	10423.3433	1054.8	 599.8	 861	  908.8	 21.7	  907.5	-15.9	210.98	14.97	5.15	18.74	2.60	27.25	BaseAddr	18.3	21.0	190
11	161135	5147.8107	10423.3347	1054.6	 599.6	1020	  908.7	 21.7	  907.5	-15.9	202.76	14.97	5.15	18.75	2.57	27.25	BaseAddr	18.3	21.0	191
11	161235	5147.8150	10423.3396	1052.3	 597.3	 933	  908.7	 21.6	  907.5	-15.9	205.50	14.97	5.15	18.75	2.60	27.00	BaseAddr	18.3	21.0	192
11	161335	5147.8141	10423.3413	1054.1	 599.1	 910	  908.8	 21.6	  907.8	-15.9	194.54	14.97	5.16	18.73	2.93	27.25	BaseAddr	18.4	21.0	193
11	161536	5147.8100	10423.3438	1052.8	 597.8	 922	  908.8	 21.7	  907.8	-16.0	189.06	14.96	5.15	18.73	2.85	26.75	BaseAddr	18.3	21.1	194
11	161636	5147.8129	10423.3377	1052.3	 597.3	1032	  908.7	 21.7	  907.7	-15.9	189.06	14.97	5.15	18.75	2.62	26.75	BaseAddr	18.4	21.0	195
11	161736	5147.8186	10423.3365	1055.9	 600.9	 911	  908.6	 21.6	  907.7	-15.9	180.84	14.97	5.15	18.74	2.65	26.75	BaseAddr	18.4	21.0	196
11	161836	5147.8159	10423.3425	1054.7	 599.7	 872	  908.7	 21.6	  907.6	-15.9	175.36	14.97	5.15	18.75	2.57	27.25	BaseAddr	18.5	21.0	197
11	162037	5147.8156	10423.3412	1053.5	 598.5	 974	  908.8	 21.7	  907.8	-16.0	175.36	14.97	5.15	18.72	2.98	27.50	BaseAddr	18.3	21.1	198
11	162137	5147.8149	10423.3372	1051.4	 596.4	 894	  908.7	 21.6	  907.8	-15.9	161.66	14.97	5.15	18.72	2.93	27.00	BaseAddr	18.4	21.0	199
11	162237	5147.8167	10423.3322	1051.6	 596.6	 969	  908.6	 21.6	  907.6	-16.0	167.14	14.97	5.15	18.75	2.64	27.25	BaseAddr	18.5	20.9	200
11	162347	5147.8077	10423.3342	1051.1	 596.1	1157	  908.7	 21.6	  907.8	-16.0	153.44	14.97	5.16	18.74	2.65	27.25	BaseAddr	18.6	21.0	201
11	162538	5147.8085	10423.3281	1051.1	 596.1	1261	  908.7	 21.5	  907.8	-16.0	139.74	14.97	5.16	18.72	2.94	27.00	BaseAddr	18.7	21.1	202
11	162638	5147.8140	10423.3353	1051.8	 596.8	1162	  908.6	 21.4	  907.8	-16.0	142.48	14.97	5.14	18.73	2.87	26.50	BaseAddr	18.6	21.5	203
11	162748	5147.8123	10423.3321	1051.7	 596.7	1080	  908.6	 21.5	  907.8	-16.0	131.52	14.97	5.16	18.72	2.94	26.50	BaseAddr	18.6	21.0	204
11	162848	5147.8154	10423.3295	1051.5	 596.5	1121	  908.6	 21.4	  907.9	-16.0	128.78	14.97	5.15	18.75	2.62	27.25	BaseAddr	18.7	21.0	205
11	163039	5147.8137	10423.3363	1050.4	 595.4	 973	  908.7	 21.4	  907.9	-16.1	123.30	14.97	5.15	18.72	2.87	27.00	BaseAddr	18.7	21.1	206
11	163149	5147.8144	10423.3344	1050.5	 595.5	 821	  908.6	 21.4	  907.8	-16.0	117.82	14.97	5.15	18.75	2.64	27.00	BaseAddr	18.7	21.1	207
11	163249	5147.8145	10423.3326	1049.9	 594.9	1097	  908.6	 21.3	  907.8	-16.1	123.30	14.97	5.15	18.75	2.60	26.75	BaseAddr	18.8	20.9	208
11	163349	5147.8167	10423.3308	1050.6	 595.6	 916	  908.6	 21.3	  907.9	-16.1	109.60	14.97	5.15	18.75	2.57	26.50	BaseAddr	18.9	21.1	209
11	163550	5147.8156	10423.3304	1051.2	 596.2	1184	  908.6	 21.3	  907.7	-16.1	95.90	14.97	5.15	18.75	2.59	26.50	BaseAddr	18.9	21.5	210
11	163650	5147.8151	10423.3297	1050.9	 595.9	 933	  908.6	 21.2	  907.8	-16.1	95.90	14.97	5.15	18.72	2.88	26.75	BaseAddr	18.9	21.1	211
11	163750	5147.8141	10423.3285	1050.8	 595.8	1027	  908.6	 21.2	  908.0	-16.1	84.94	14.97	5.15	18.72	2.93	26.50	BaseAddr	18.9	21.0	212
11	163850	5147.8134	10423.3275	1051.0	 596.0	1324	  908.5	 21.2	  907.8	-16.2	82.20	14.97	5.15	18.73	2.88	26.50	BaseAddr	18.9	21.0	213
11	164051	5147.8137	10423.3277	1050.7	 595.7	1337	  908.5	 21.2	  907.6	-16.2	73.98	14.97	5.15	18.74	2.60	26.25	BaseAddr	18.9	21.0	214
11	164151	5147.8128	10423.3277	1050.1	 595.1	1249	  908.6	 21.2	  907.9	-16.1	76.72	14.96	5.15	18.75	2.59	26.25	BaseAddr	18.9	21.1	215
11	164251	5147.8145	10423.3295	1049.7	 594.7	1337	  908.7	 21.2	  907.7	-16.2	71.24	14.97	5.15	18.73	2.84	26.25	BaseAddr	18.9	21.0	216
11	164351	5147.8130	10423.3310	1050.0	 595.0	1328	  908.6	 21.2	  907.6	-16.2	76.72	14.97	5.15	18.73	2.87	26.25	BaseAddr	18.9	21.0	217
11	164552	5147.8108	10423.3369	1046.4	 591.4	1019	  908.6	 21.1	  907.9	-16.2	90.42	14.97	5.15	18.72	2.94	26.50	BaseAddr	19.1	21.0	218
11	164652	5147.8119	10423.3374	1048.2	 593.2	1056	  908.6	 21.1	  907.8	-16.2	101.38	14.97	5.15	18.75	2.62	26.50	BaseAddr	19.0	21.0	219
11	164751	5147.8109	10423.3287	1048.5	 593.5	1405	  908.6	 21.1	  907.8	-16.2	106.86	14.97	5.15	18.75	2.60	26.75	BaseAddr	19.0	21.2	220
11	164852	5147.8126	10423.3316	1048.4	 593.4	1240	  908.6	 21.1	  908.1	-16.1	106.86	14.97	5.16	18.72	2.91	26.50	BaseAddr	19.0	21.0	221
11	165053	5147.8158	10423.3314	1048.3	 593.3	1076	  908.6	 21.1	  907.8	-16.1	106.86	14.97	5.15	18.72	2.90	26.25	BaseAddr	18.9	21.0	222
11	165152	5147.8160	10423.3312	1048.4	 593.4	1050	  908.7	 21.1	  907.9	-16.1	95.90	14.97	5.15	18.74	2.87	26.75	BaseAddr	19.1	21.0	223
11	165252	5147.8162	10423.3310	1048.4	 593.4	 922	  908.6	 21.1	  907.8	-16.1	84.94	14.97	5.15	18.75	2.65	26.25	BaseAddr	19.1	21.0	224
11	165352	5147.8161	10423.3310	1048.4	 593.4	 957	  908.6	 21.1	  907.8	-16.2	79.46	14.97	5.15	18.72	2.87	25.75	BaseAddr	19.1	21.0	225
11	165553	5147.8158	10423.3309	1048.6	 593.6	1017	  908.7	 21.1	  907.8	-16.2	71.24	14.97	5.15	18.73	2.88	26.00	BaseAddr	19.1	21.0	226
11	165653	5147.8166	10423.3344	1048.1	 593.1	1002	  908.6	 21.0	  907.9	-16.1	68.50	14.97	5.15	18.72	2.88	26.00	BaseAddr	19.1	21.0	227
11	165753	5147.8183	10423.3368	1047.9	 592.9	 657	  908.7	 21.0	  907.8	-16.2	71.24	14.97	5.15	18.75	2.60	26.50	BaseAddr	19.2	21.0	228
11	165853	5147.8178	10423.3333	1049.2	 594.2	 911	  908.7	 21.0	  907.9	-16.2	76.72	14.97	5.15	18.72	2.85	26.50	BaseAddr	19.1	21.1	229
11	170054	5147.8177	10423.3385	1049.5	 594.5	 812	  908.7	 21.0	  907.9	-16.2	82.20	14.97	5.15	18.73	2.85	26.50	BaseAddr	19.1	21.1	230
11	170154	5147.8168	10423.3365	1048.9	 593.9	 679	  908.7	 21.0	  907.8	-16.2	87.68	14.97	5.16	18.72	2.90	26.00	BaseAddr	19.1	21.0	231
11	170254	5147.8207	10423.3360	1048.6	 593.6	 866	  908.6	 21.0	  907.8	-16.2	82.20	14.97	5.15	18.72	3.04	26.25	BaseAddr	19.2	21.0	232
11	170354	5147.8149	10423.3331	1048.4	 593.4	 905	  908.6	 21.0	  908.1	-16.1	90.42	14.96	5.15	18.72	2.90	26.25	BaseAddr	19.1	21.1	233
11	170555	5147.8157	10423.3398	1049.9	 594.9	 877	  908.7	 21.0	  907.9	-16.2	84.94	14.97	5.15	18.75	2.59	26.00	BaseAddr	19.1	21.0	234
11	170655	5147.8138	10423.3359	1050.1	 595.1	 911	  908.7	 21.0	  908.1	-16.1	90.42	14.97	5.15	18.75	2.60	26.00	BaseAddr	19.2	21.0	235
11	170755	5147.8135	10423.3414	1048.6	 593.6	 833	  908.8	 21.0	  907.8	-16.1	95.90	14.97	5.15	18.72	2.94	26.25	BaseAddr	19.1	21.0	236
11	170855	5147.8151	10423.3368	1048.3	 593.3	 922	  908.8	 21.0	  908.1	-16.1	101.38	14.97	5.16	18.72	2.90	26.00	BaseAddr	19.2	21.1	237
11	171056	5147.8173	10423.3395	1048.6	 593.6	 849	  908.8	 21.0	  907.9	-16.1	101.38	14.98	5.15	18.72	2.87	26.00	BaseAddr	19.1	21.1	238
11	171156	5147.8157	10423.3336	1048.5	 593.5	 905	  908.7	 21.0	  907.8	-16.1	109.60	14.97	5.15	18.73	2.88	26.25	BaseAddr	19.2	21.0	239
11	171256	5147.8144	10423.3349	1050.2	 595.2	1152	  908.7	 21.0	  908.0	-16.1	109.60	14.97	5.15	18.72	2.98	26.25	BaseAddr	19.2	21.0	240
11	171406	5147.8123	10423.3313	1049.4	 594.4	 950	  908.8	 21.0	  908.0	-16.1	112.34	14.96	5.15	18.72	2.98	26.50	BaseAddr	19.2	21.1	241
11	171557	5147.8131	10423.3282	1049.7	 594.7	1606	  908.6	 21.0	  908.0	-16.1	115.08	14.97	5.16	18.71	2.96	26.00	BaseAddr	19.1	21.1	242
11	171657	5147.8164	10423.3378	1049.8	 594.8	 905	  908.7	 21.0	  907.8	-16.1	109.60	14.97	5.15	18.72	2.90	26.00	BaseAddr	19.2	21.0	243
11	171807	5147.8168	10423.3322	1050.2	 595.2	 866	  908.7	 21.0	  907.9	-16.2	101.38	14.97	5.16	18.75	2.60	26.25	BaseAddr	19.3	21.1	244
11	171907	5147.8122	10423.3291	1050.7	 595.7	1047	  908.7	 21.0	  907.9	-16.2	95.90	14.97	5.15	18.73	2.88	26.00	BaseAddr	19.3	21.1	245
11	172058	5147.8130	10423.3361	1050.8	 595.8	 999	  908.7	 21.0	  908.1	-16.1	98.64	14.97	5.16	18.75	2.60	26.00	BaseAddr	19.2	21.0	246
11	172208	5147.8023	10423.3351	1049.9	 594.9	1218	  908.8	 21.0	  908.2	-16.1	106.86	14.97	5.15	18.73	2.88	26.00	BaseAddr	19.1	21.0	247
11	172308	5147.8128	10423.3380	1048.7	 593.7	1225	  908.7	 21.0	  907.9	-16.1	117.82	14.97	5.14	18.71	2.96	26.50	BaseAddr	19.2	21.0	248
11	172408	5147.8205	10423.3262	1048.4	 593.4	 928	  908.7	 21.0	  907.8	-16.1	117.82	14.97	5.16	18.75	2.62	25.75	BaseAddr	19.2	21.0	249
12	173325	5147.8159	10423.3300	1051.4	 596.4	 939	  908.7	 20.8	  907.8	-16.1	117.82	14.97	5.15	18.75	2.59	26.50	BaseAddr	19.0	20.7	250
12	173425	5147.8141	10423.3273	1052.3	 597.3	1328	  908.6	 21.2	  907.9	-16.1	109.60	14.97	5.16	18.74	2.60	27.25	BaseAddr	18.9	20.7	251
12	173525	5147.8164	10423.3345	1049.8	 594.8	 993	  908.7	 21.5	  908.0	-16.2	101.38	14.97	5.16	18.74	2.59	27.25	BaseAddr	18.5	20.8	252
12	173625	5147.8139	10423.3231	1051.9	 596.9	1553	  909.0	 21.9	  907.8	-16.2	90.42	14.97	5.15	18.75	2.62	28.25	BaseAddr	18.4	21.0	253
12	173826	5147.8125	10423.3381	1052.0	 597.0	1117	  908.9	 21.7	  908.0	-16.3	90.42	14.96	5.15	18.73	2.87	28.25	BaseAddr	18.5	21.3	254
12	173926	5147.8123	10423.3370	1053.9	 598.9	1091	  908.8	 21.5	  908.0	-16.3	95.90	14.97	5.15	18.73	2.91	26.25	BaseAddr	18.6	21.2	255
12	174026	5147.8125	10423.3367	1054.0	 599.0	 985	  908.8	 21.3	  908.0	-16.3	93.16	14.97	5.16	18.73	2.88	26.00	BaseAddr	18.8	21.2	256
12	174126	5147.8108	10423.3261	1054.1	 599.1	1333	  908.7	 21.2	  907.9	-16.2	93.16	14.97	5.15	18.73	2.87	26.00	BaseAddr	18.9	21.1	257
12	174327	5147.8162	10423.3300	1052.2	 597.2	1113	  908.8	 21.1	  908.0	-16.2	76.72	14.97	5.15	18.73	2.85	26.00	BaseAddr	19.1	22.6	258
12	174427	5147.8165	10423.3287	1054.3	 599.3	1473	  908.7	 21.0	  908.0	-16.2	76.72	14.96	5.16	18.73	2.90	26.25	BaseAddr	19.1	21.1	259
12	174527	5147.8149	10423.3257	1052.8	 597.8	1076	  908.7	 21.0	  907.7	-16.3	65.76	14.97	5.16	18.75	2.62	26.25	BaseAddr	19.1	21.0	260
12	174627	5147.8163	10423.3237	1053.7	 598.7	1563	  908.7	 21.0	  908.0	-16.3	60.28	14.97	5.15	18.71	2.96	26.25	BaseAddr	19.1	21.0	261
12	174828	5147.8140	10423.3235	1056.3	 601.3	1566	  908.7	 21.0	  908.0	-16.3	54.80	14.97	5.16	18.72	2.90	26.25	BaseAddr	19.2	21.0	262
12	174928	5147.8151	10423.3238	1057.0	 602.0	1485	  908.7	 21.0	  907.8	-16.3	46.58	14.97	5.15	18.75	2.62	26.25	BaseAddr	19.2	21.1	263
12	175028	5147.8148	10423.3238	1057.0	 602.0	1566	  908.7	 21.0	  907.7	-16.3	52.06	14.97	5.15	18.72	2.93	26.00	BaseAddr	19.2	21.0	264
12	175128	5147.8148	10423.3235	1056.9	 601.9	1953	  908.7	 21.0	  907.8	-16.3	41.10	14.97	5.15	18.72	2.85	26.25	BaseAddr	19.2	21.0	265
12	175329	5147.8135	10423.3212	1055.9	 600.9	1651	  908.6	 21.0	  907.8	-16.4	38.36	14.96	5.16	18.73	2.90	26.00	BaseAddr	19.2	21.1	266
12	175429	5147.8154	10423.3204	1056.2	 601.2	2092	  908.7	 21.0	  907.8	-16.5	32.88	14.97	5.15	18.73	2.88	26.00	BaseAddr	19.3	21.5	267
12	175529	5147.8136	10423.3216	1056.8	 601.8	1444	  908.6	 21.0	  907.7	-16.4	38.36	14.97	5.15	18.73	2.84	26.25	BaseAddr	19.1	21.1	268
12	175629	5147.8135	10423.3219	1056.8	 601.8	1585	  908.6	 21.0	  907.7	-16.4	30.14	14.97	5.15	18.74	2.62	26.00	BaseAddr	19.2	20.9	269
12	175830	5147.8139	10423.3230	1055.6	 600.6	1805	  908.6	 21.0	  907.8	-16.5	32.88	14.96	5.15	18.72	2.88	25.75	BaseAddr	19.3	21.0	270
12	175930	5147.8135	10423.3230	1055.2	 600.2	1668	  908.6	 21.0	  907.7	-16.5	30.14	14.97	5.16	18.72	2.90	25.75	BaseAddr	19.2	21.1	271
12	180030	5147.8137	10423.3233	1055.2	 600.2	1474	  908.7	 21.0	  907.6	-16.6	27.40	14.97	5.15	18.73	2.88	26.00	BaseAddr	19.3	21.2	272
12	180140	5147.8138	10423.3238	1055.2	 600.2	1358	  908.6	 20.9	  907.9	-16.6	21.92	14.97	5.15	18.72	2.88	25.75	BaseAddr	19.3	21.1	273
12	180331	5147.8143	10423.3244	1055.2	 600.2	1131	  908.8	 20.9	  907.9	-16.6	13.70	14.97	5.15	18.72	2.88	26.00	BaseAddr	19.2	21.1	274
12	180431	5147.8146	10423.3247	1055.1	 600.1	1052	  908.6	 20.9	  907.9	-16.6	19.18	14.97	5.15	18.73	2.88	26.25	BaseAddr	19.2	21.1	275
12	180541	5147.8149	10423.3251	1055.1	 600.1	 945	  908.7	 20.9	  907.7	-16.7	19.18	14.97	5.15	18.72	2.90	26.00	BaseAddr	19.2	21.0	276
12	180641	5147.8153	10423.3255	1055.1	 600.1	 785	  908.6	 20.9	  907.5	-16.7	10.96	14.97	5.15	18.73	2.88	26.00	BaseAddr	19.2	21.0	277
12	180832	5147.8163	10423.3256	1055.2	 600.2	3553	  908.7	 20.9	  907.7	-16.7	8.22	14.97	5.15	18.73	2.85	26.00	BaseAddr	19.3	21.1	278
12	180942	5147.8168	10423.3257	1055.3	 600.3	 126	  908.7	 20.9	  907.7	-16.7	10.96	14.97	5.15	18.72	2.94	26.00	BaseAddr	19.4	21.1	279
12	181042	5147.8172	10423.3258	1055.4	 600.4	 239	  908.6	 20.9	  907.6	-16.7	5.48	14.97	5.15	18.72	2.94	25.75	BaseAddr	19.2	21.0	280
12	181142	5147.8176	10423.3256	1055.4	 600.4	3465	  908.6	 20.9	  907.4	-16.8	2.74	14.97	5.15	18.72	2.94	25.75	BaseAddr	19.3	21.2	281
12	181343	5147.8183	10423.3247	1055.3	 600.3	3110	  908.6	 20.9	  907.5	-16.8	5.48	14.97	5.15	18.73	2.88	25.75	BaseAddr	19.3	21.0	282
12	181443	5147.8185	10423.3241	1055.3	 600.3	2897	  908.7	 20.9	  907.4	-16.8	10.96	14.97	5.15	18.72	2.91	25.50	BaseAddr	19.3	21.0	283
12	181543	5147.8186	10423.3235	1055.2	 600.2	2763	  908.6	 20.9	  907.5	-16.8	5.48	14.97	5.15	18.73	2.91	26.00	BaseAddr	19.2	21.1	284
12	181643	5147.8187	10423.3228	1055.2	 600.2	2597	  908.6	 20.9	  907.5	-16.9	10.96	14.97	5.15	18.73	2.90	26.00	BaseAddr	19.3	21.0	285
12	181834	5147.8191	10423.3220	1055.2	 600.2	2777	  908.7	 20.9	  907.5	-16.9	16.44	14.97	5.15	18.73	2.91	25.75	BaseAddr	19.4	21.1	286
12	181934	5147.8193	10423.3216	1055.1	 600.1	2909	  908.7	 20.9	  907.7	-17.0	8.22	14.97	5.15	18.73	2.90	26.00	BaseAddr	19.3	21.0	287
12	182034	5147.8195	10423.3213	1055.1	 600.1	3001	  908.7	 20.9	  907.5	-16.9	10.96	14.97	5.15	18.73	2.91	25.50	BaseAddr	19.4	21.1	288
12	182134	5147.8198	10423.3211	1055.0	 600.0	3001	  908.7	 20.9	  907.5	-16.9	13.70	14.97	5.15	18.73	2.85	25.75	BaseAddr	19.3	21.1	289
12	182345	5147.8204	10423.3209	1054.9	 599.9	3066	  908.6	 20.9	  907.6	-16.9	10.96	14.97	5.15	18.73	2.90	25.75	BaseAddr	19.3	21.1	290
12	182445	5147.8207	10423.3209	1054.9	 599.9	3055	  908.6	 20.9	  907.6	-16.9	13.70	14.97	5.16	18.73	2.84	25.75	BaseAddr	19.4	21.1	291
12	182545	5147.8210	10423.3209	1054.9	 599.9	3123	  908.6	 20.9	  907.6	-16.9	10.96	14.98	5.15	18.73	2.87	25.75	BaseAddr	19.4	21.1	292
12	182645	5147.8211	10423.3210	1054.9	 599.9	3085	  908.4	 20.9	  907.2	-16.9	10.96	14.97	5.15	18.73	2.85	25.75	BaseAddr	19.4	22.7	293
12	182846	5147.8214	10423.3210	1055.8	 600.8	3171	  906.2	 20.9	  905.4	-16.9	27.40	14.97	5.16	18.73	2.84	25.75	BaseAddr	19.4	22.7	294
12	182946	5147.8215	10423.3210	1056.8	 601.8	3055	  905.0	 20.9	  903.9	-16.8	38.36	14.97	5.16	18.73	2.90	25.75	BaseAddr	19.4	21.0	295
12	183046	5147.8215	10423.3210	1057.9	 602.9	3105	  903.7	 20.9	  902.5	-16.8	46.58	14.97	5.15	18.72	2.88	25.75	BaseAddr	19.4	21.1	296
12	183146	5147.8215	10423.3209	1059.0	 604.0	3102	  902.8	 20.9	  901.9	-16.8	57.54	14.97	5.15	18.73	2.84	25.75	BaseAddr	19.4	21.1	297
12	183346	5147.8217	10423.3207	1062.2	 607.2	3038	  902.8	 20.9	  901.7	-16.7	54.80	14.97	5.15	18.72	2.88	25.75	BaseAddr	19.4	21.1	298
12	183446	5147.8217	10423.3208	1063.9	 608.9	3031	  902.7	 20.9	  902.0	-16.7	54.80	14.97	5.15	18.72	2.90	26.75	BaseAddr	19.4	21.1	299
12	183546	5147.8219	10423.3209	1065.0	 610.0	3163	  902.7	 20.9	  902.0	-16.7	52.06	14.96	5.16	18.72	2.90	25.75	BaseAddr	19.4	21.0	300
12	183646	5147.8220	10423.3211	1065.8	 610.8	3398	  902.8	 20.9	  901.9	-16.7	54.80	14.97	5.15	18.73	2.90	25.75	BaseAddr	19.4	21.1	301
12	183847	5147.8218	10423.3220	1070.1	 615.1	3350	  899.4	 20.9	  898.8	-16.6	95.90	14.97	5.15	18.73	2.82	25.75	BaseAddr	19.4	21.1	302
12	183947	5147.8217	10423.3217	1082.5	 627.5	3266	  897.6	 20.9	  897.0	-16.7	123.30	14.97	5.15	18.73	2.87	25.75	BaseAddr	19.5	21.1	303
12	184047	5147.8221	10423.3184	1108.5	 653.5	3014	  895.9	 20.9	  895.1	-16.7	142.48	14.97	5.15	18.73	2.88	25.75	BaseAddr	19.5	21.1	304
12	184147	5147.8250	10423.3186	1121.7	 666.7	3072	  896.1	 20.9	  895.2	-16.7	145.22	14.97	5.15	18.72	2.85	25.50	BaseAddr	19.4	21.6	305
12	184348	5147.8246	10423.3195	1144.5	 689.5	3141	  895.9	 20.9	  895.0	-16.8	147.96	14.97	5.15	18.72	2.90	25.50	BaseAddr	19.5	21.1	306
12	184448	5147.8246	10423.3197	1145.2	 690.2	3193	  895.9	 20.9	  895.2	-16.8	153.44	14.97	5.15	18.72	2.88	25.50	BaseAddr	19.4	21.2	307
12	184548	5147.8246	10423.3196	1145.7	 690.7	3093	  896.0	 20.9	  894.8	-16.9	147.96	14.98	5.15	18.72	2.87	25.50	BaseAddr	19.5	21.1	308
12	184648	5147.8246	10423.3193	1146.4	 691.4	2982	  895.9	 20.9	  895.0	-16.9	147.96	14.96	5.15	18.72	2.87	26.00	BaseAddr	19.4	21.2	309
12	184849	5147.8250	10423.3194	1147.7	 692.7	3154	  896.0	 20.9	  894.9	-17.0	147.96	14.97	5.16	18.73	2.88	25.50	BaseAddr	19.5	21.1	310
12	184949	5147.8252	10423.3193	1148.2	 693.2	3154	  896.0	 20.9	  894.9	-17.0	156.18	14.97	5.15	18.73	2.85	25.50	BaseAddr	19.4	21.6	311
12	185049	5147.8254	10423.3194	1148.7	 693.7	3215	  895.9	 20.9	  894.9	-17.0	156.18	14.97	5.15	18.73	2.87	26.00	BaseAddr	19.4	21.1	312
12	185159	5147.8257	10423.3191	1149.3	 694.3	3088	  895.9	 20.9	  894.9	-17.0	158.92	14.97	5.15	18.72	2.85	25.75	BaseAddr	19.5	21.2	313
12	185350	5147.8294	10423.3148	1157.2	 702.2	3141	  895.9	 20.9	  895.0	-17.0	172.62	14.97	5.16	18.72	2.88	25.50	BaseAddr	19.5	21.2	314
12	185450	5147.8305	10423.3138	1162.1	 707.1	3074	  895.9	 20.9	  895.0	-17.0	186.32	14.97	5.15	18.72	2.85	25.50	BaseAddr	19.5	21.2	315
12	185600	5147.8308	10423.3144	1162.0	 707.0	3163	  895.9	 20.9	  895.0	-17.0	194.54	14.96	5.15	18.72	2.88	25.50	BaseAddr	19.4	21.1	316
12	185700	5147.8310	10423.3150	1161.9	 706.9	3304	  895.9	 20.9	  895.0	-17.1	200.02	14.97	5.16	18.72	2.82	25.50	BaseAddr	19.4	21.1	317
12	185851	5147.8313	10423.3139	1161.7	 706.7	3154	  895.9	 20.9	  894.9	-17.0	202.76	14.97	5.15	18.72	2.88	26.00	BaseAddr	19.5	21.2	318
12	190001	5147.8360	10423.3132	1160.8	 705.8	3163	  896.0	 20.9	  895.2	-17.0	210.98	14.97	5.15	18.72	2.88	25.75	BaseAddr	19.4	21.1	319
12	190101	5147.8388	10423.3126	1159.5	 704.5	3203	  896.0	 20.9	  895.1	-17.0	219.20	14.97	5.15	18.72	2.88	25.75	BaseAddr	19.4	21.1	320
12	190201	5147.8398	10423.3123	1159.2	 704.2	3233	  895.9	 20.9	  895.1	-17.0	232.90	14.97	5.15	18.71	2.85	25.75	BaseAddr	19.4	21.1	321
12	190402	5147.8408	10423.3123	1159.1	 704.1	3225	  896.0	 20.9	  895.2	-17.0	249.34	14.97	5.16	18.70	2.91	25.75	BaseAddr	19.3	21.0	322
12	190502	5147.8411	10423.3121	1159.1	 704.1	3238	  896.0	 20.9	  895.3	-17.0	252.08	14.97	5.16	18.71	2.84	25.75	BaseAddr	19.2	21.1	323
12	190602	5147.8407	10423.3109	1160.2	 705.2	3194	  896.0	 21.0	  895.1	-17.0	263.04	14.97	5.16	18.71	2.91	26.00	BaseAddr	19.3	21.1	324
12	190702	5147.8410	10423.3105	1160.1	 705.1	3167	  896.0	 20.9	  895.1	-17.0	265.78	14.97	5.15	18.71	2.87	25.75	BaseAddr	19.3	21.1	325
12	190903	5147.8420	10423.3110	1160.2	 705.2	3225	  895.9	 21.0	  894.8	-17.0	276.74	14.96	5.15	18.70	2.99	26.00	BaseAddr	19.1	22.6	326
12	191003	5147.8448	10423.3062	1160.8	 705.8	3185	  895.9	 21.0	  895.1	-17.0	274.00	14.97	5.16	18.71	2.85	26.00	BaseAddr	19.3	21.0	327
12	191103	5147.8412	10423.2995	1163.0	 708.0	3078	  896.0	 21.0	  894.9	-16.9	276.74	14.96	5.15	18.70	2.96	26.00	BaseAddr	19.1	21.1	328
12	191203	5147.8408	10423.3075	1166.9	 711.9	3158	  895.9	 21.0	  895.2	-17.0	276.74	14.97	5.15	18.71	2.85	26.00	BaseAddr	19.1	22.7	329
12	191404	5147.8412	10423.3102	1166.1	 711.1	3172	  896.0	 21.0	  894.9	-17.0	271.26	14.97	5.15	18.71	2.91	26.00	BaseAddr	19.2	21.0	330
12	191504	5147.8414	10423.3104	1166.1	 711.1	3216	  896.0	 21.0	  894.9	-17.0	268.52	14.97	5.15	18.69	2.96	26.25	BaseAddr	19.1	21.1	331
12	191604	5147.8418	10423.3108	1166.2	 711.2	3270	  895.9	 21.0	  895.1	-16.9	265.78	14.97	5.15	18.71	2.91	26.00	BaseAddr	19.2	21.0	332
12	191704	5147.8419	10423.3108	1166.2	 711.2	3154	  896.0	 21.0	  894.9	-17.0	263.04	14.97	5.15	18.73	2.59	26.00	BaseAddr	19.0	21.1	333
12	191905	5147.8485	10423.3109	1164.2	 709.2	3235	  896.1	 21.1	  895.1	-16.9	263.04	14.98	5.15	18.71	2.88	26.25	BaseAddr	19.0	21.0	334
12	192005	5147.8467	10423.3123	1163.9	 708.9	3320	  896.0	 21.1	  894.9	-16.9	265.78	14.97	5.15	18.70	2.91	26.00	BaseAddr	18.9	22.5	335
12	192105	5147.8464	10423.3144	1164.4	 709.4	3261	  896.0	 21.1	  895.0	-16.9	274.00	14.97	5.15	18.70	2.93	26.25	BaseAddr	18.9	22.6	336
12	192205	5147.8442	10423.3083	1163.1	 708.1	3180	  896.0	 21.2	  895.0	-16.9	274.00	14.97	5.16	18.73	2.59	26.25	BaseAddr	18.8	21.0	337
12	192406	5147.8473	10423.3144	1161.9	 706.9	3270	  896.0	 21.2	  895.0	-17.0	265.78	14.97	5.15	18.70	2.96	26.50	BaseAddr	18.8	21.0	338
12	192506	5147.8511	10423.3063	1161.1	 706.1	3270	  896.1	 21.2	  895.2	-17.0	265.78	14.97	5.16	18.73	2.60	26.25	BaseAddr	18.6	21.1	339
12	192606	5147.8512	10423.3071	1160.9	 705.9	3245	  896.0	 21.3	  895.2	-17.0	263.04	14.97	5.15	18.71	2.90	26.75	BaseAddr	18.7	21.0	340
12	192706	5147.8510	10423.3072	1160.7	 705.7	3304	  896.0	 21.3	  895.0	-17.0	271.26	14.96	5.15	18.73	2.64	26.25	BaseAddr	18.6	21.0	341
12	192907	5147.8513	10423.3076	1160.6	 705.6	3325	  896.0	 21.4	  895.1	-17.0	268.52	14.97	5.15	18.69	2.99	26.75	BaseAddr	18.5	21.0	342
12	193007	5147.8518	10423.3077	1160.5	 705.5	3342	  896.1	 21.4	  895.3	-17.0	274.00	14.97	5.15	18.68	3.01	26.75	BaseAddr	18.5	21.0	343
12	193107	5147.8521	10423.3077	1160.3	 705.3	3331	  896.0	 21.4	  895.2	-16.9	276.74	14.97	5.15	18.73	2.60	27.00	BaseAddr	18.4	21.0	344
12	193207	5147.8522	10423.3075	1160.2	 705.2	3266	  896.2	 21.5	  895.1	-17.0	279.48	14.97	5.15	18.70	2.94	27.00	BaseAddr	18.3	21.0	345
12	193408	5147.8532	10423.3082	1159.4	 704.4	3240	  896.1	 21.5	  895.3	-16.9	279.48	14.98	5.16	18.69	3.01	27.25	BaseAddr	18.2	21.0	346
12	193508	5147.8537	10423.3082	1159.4	 704.4	3362	  896.2	 21.6	  895.4	-16.9	284.96	14.97	5.15	18.73	2.62	27.25	BaseAddr	18.1	21.1	347
12	193608	5147.8540	10423.3080	1159.2	 704.2	3339	  896.2	 21.7	  895.4	-16.9	284.96	14.97	5.15	18.70	2.94	27.25	BaseAddr	17.8	21.0	348
12	193708	5147.8539	10423.3086	1159.0	 704.0	3331	  896.1	 21.7	  895.2	-16.9	282.22	14.97	5.15	18.70	2.94	27.25	BaseAddr	17.9	21.0	349
12	193909	5147.8488	10423.3094	1158.6	 703.6	3271	  896.1	 21.8	  895.0	-16.9	282.22	14.97	5.15	18.72	2.68	27.50	BaseAddr	17.7	21.0	350
12	194009	5147.8491	10423.3089	1158.6	 703.6	3245	  896.1	 21.8	  894.9	-17.0	279.48	14.97	5.15	18.73	2.67	27.00	BaseAddr	17.7	21.0	351
12	194109	5147.8494	10423.3087	1158.5	 703.5	3261	  896.1	 21.8	  895.0	-16.9	265.78	14.97	5.15	18.72	2.65	27.50	BaseAddr	17.6	21.0	352
12	194219	5147.8496	10423.3082	1158.5	 703.5	3275	  896.1	 21.9	  895.0	-16.9	265.78	14.97	5.15	18.70	2.96	27.50	BaseAddr	17.6	22.6	353
12	194410	5147.8495	10423.3068	1158.5	 703.5	3217	  896.1	 21.9	  895.1	-16.9	265.78	14.98	5.15	18.73	2.60	27.00	BaseAddr	17.6	21.0	354
12	194510	5147.8496	10423.3065	1158.5	 703.5	3213	  896.2	 22.0	  895.1	-16.9	263.04	14.97	5.15	18.69	3.07	27.75	BaseAddr	17.4	21.0	355
12	194620	5147.8493	10423.3065	1159.8	 704.8	3186	  896.2	 22.1	  895.0	-16.9	257.56	14.97	5.15	18.72	2.60	27.75	BaseAddr	17.3	22.5	356
12	194720	5147.8494	10423.3057	1159.7	 704.7	3208	  896.2	 22.1	  894.8	-17.0	254.82	14.97	5.16	18.69	3.04	27.75	BaseAddr	17.2	20.9	357
12	194911	5147.8499	10423.3037	1159.4	 704.4	3168	  896.3	 22.1	  895.0	-17.0	249.34	14.97	5.15	18.73	2.60	27.50	BaseAddr	17.1	21.0	358
12	195021	5147.8517	10423.3016	1159.6	 704.6	3240	  896.3	 22.2	  894.9	-17.0	252.08	14.97	5.16	18.69	3.01	27.75	BaseAddr	17.1	21.0	359
12	195121	5147.8518	10423.3010	1159.6	 704.6	3154	  896.3	 22.2	  895.0	-16.9	243.86	14.97	5.15	18.73	2.60	27.50	BaseAddr	17.1	21.4	360
12	195221	5147.8521	10423.3004	1159.5	 704.5	3140	  896.4	 22.2	  895.3	-17.0	252.08	14.97	5.15	18.72	2.62	27.75	BaseAddr	17.1	20.9	361
12	195422	5147.8564	10423.2978	1159.7	 704.7	3176	  896.6	 22.4	  895.3	-17.0	246.60	14.97	5.16	18.70	2.91	27.50	BaseAddr	16.7	21.0	362
12	195522	5147.8565	10423.2978	1159.6	 704.6	3257	  896.5	 22.4	  895.1	-17.0	243.86	14.97	5.15	18.72	2.62	27.75	BaseAddr	16.8	20.9	363
12	195622	5147.8559	10423.2966	1159.7	 704.7	3190	  896.5	 22.4	  895.0	-17.0	249.34	14.97	5.15	18.73	2.60	27.75	BaseAddr	15.5	19.4	364
12	195722	5147.8582	10423.2954	1159.1	 704.1	3235	  896.6	 22.8	  895.3	-17.0	246.60	14.97	5.16	18.73	2.60	27.75	BaseAddr	15.4	19.4	365
12	195923	5147.8630	10423.3000	1159.0	 704.0	3240	  896.5	 23.4	  895.5	-17.0	252.08	14.97	5.15	18.73	2.64	28.75	BaseAddr	15.0	19.5	366
12	200023	5147.8556	10423.2993	1158.6	 703.6	3209	  896.4	 23.7	  895.0	-17.0	257.56	14.97	5.16	18.73	2.60	28.75	BaseAddr	14.8	19.6	367
12	200123	5147.8519	10423.2974	1160.2	 705.2	3163	  896.3	 24.0	  894.9	-17.0	254.82	14.97	5.16	18.72	2.62	29.00	BaseAddr	14.6	19.8	368
12	200223	5147.8558	10423.3055	1159.7	 704.7	3261	  896.6	 24.3	  895.2	-17.0	241.12	14.97	5.15	18.72	2.60	28.75	BaseAddr	14.5	19.8	369
12	200424	5147.8549	10423.3028	1159.3	 704.3	3292	  896.6	 24.7	  894.9	-17.0	243.86	14.97	5.16	18.71	2.60	29.00	BaseAddr	14.2	19.9	370
12	200524	5147.8602	10423.3083	1157.9	 702.9	3213	  896.7	 24.9	  895.4	-17.0	235.64	14.97	5.16	18.71	2.62	28.75	BaseAddr	14.1	20.0	371
12	200624	5147.8590	10423.3070	1157.5	 702.5	3342	  896.8	 25.0	  895.3	-17.0	238.38	14.97	5.15	18.71	2.62	29.50	BaseAddr	14.0	20.1	372
12	200724	5147.8570	10423.3074	1157.8	 702.8	3266	  896.8	 25.2	  895.2	-17.0	241.12	14.97	5.16	18.71	2.60	29.25	BaseAddr	14.0	20.1	373
12	200924	5147.8651	10423.3013	1155.3	 700.3	3303	  897.1	 25.4	  895.3	-17.0	235.64	14.97	5.15	18.70	2.59	29.25	BaseAddr	13.8	20.3	374
12	201024	5147.8664	10423.3070	1155.8	 700.8	3393	  897.1	 25.5	  895.5	-17.0	241.12	14.97	5.15	18.70	2.64	29.25	BaseAddr	13.7	20.3	375
12	201124	5147.8731	10423.3017	1155.5	 700.5	3317	  897.4	 25.6	  895.6	-17.0	241.12	14.96	5.16	18.70	2.62	29.00	BaseAddr	13.6	20.3	376
12	201224	5147.8683	10423.3005	1154.8	 699.8	3305	  897.2	 25.7	  895.4	-17.0	238.38	14.97	5.16	18.69	2.59	29.50	BaseAddr	13.6	20.4	377
12	201425	5147.8701	10423.2965	1155.1	 700.1	3261	  897.3	 25.9	  895.6	-17.0	241.12	14.97	5.15	18.70	2.62	29.75	BaseAddr	13.5	20.5	378
12	201525	5147.8730	10423.2956	1153.2	 698.2	3255	  897.4	 26.0	  895.7	-17.0	241.12	14.97	5.16	18.71	2.62	29.50	BaseAddr	13.5	20.6	379
12	201625	5147.8734	10423.2983	1152.6	 697.6	3261	  897.4	 26.0	  895.6	-17.0	235.64	14.97	5.15	18.70	2.64	29.50	BaseAddr	13.3	20.6	380
12	201725	5147.8731	10423.2946	1154.3	 699.3	3297	  897.4	 26.1	  895.5	-17.0	246.60	14.97	5.16	18.69	2.67	29.25	BaseAddr	13.4	20.6	381
12	201926	5147.8726	10423.2942	1153.9	 698.9	3275	  897.5	 26.2	  895.8	-17.0	246.60	14.97	5.15	18.69	2.67	29.75	BaseAddr	13.2	20.6	382
12	202026	5147.8730	10423.2941	1153.8	 698.8	3261	  897.5	 26.2	  895.8	-17.0	249.34	14.97	5.15	18.69	2.59	29.75	BaseAddr	13.2	20.7	383
12	202126	5147.8734	10423.2940	1153.6	 698.6	3268	  897.5	 26.3	  895.8	-16.9	249.34	14.97	5.16	18.70	2.59	29.50	BaseAddr	13.2	20.7	384
12	202226	5147.8736	10423.2936	1153.5	 698.5	3284	  897.4	 26.3	  895.6	-16.9	246.60	14.98	5.16	18.69	2.64	29.75	BaseAddr	13.1	20.7	385
12	202427	5147.8735	10423.2936	1153.4	 698.4	3294	  897.2	 26.4	  895.4	-16.9	249.34	14.97	5.15	18.70	2.64	29.75	BaseAddr	13.0	20.8	386
12	202527	5147.8733	10423.2937	1153.3	 698.3	3196	  897.3	 26.4	  895.5	-16.9	246.60	14.97	5.15	18.70	2.62	29.50	BaseAddr	13.0	20.8	387
12	202627	5147.8731	10423.2937	1153.2	 698.2	3186	  897.3	 26.4	  895.3	-17.0	246.60	14.97	5.15	18.69	2.62	29.75	BaseAddr	12.9	20.7	388
12	202727	5147.8725	10423.2936	1153.2	 698.2	3190	  897.2	 26.4	  895.3	-16.9	241.12	14.97	5.16	18.70	2.65	30.00	BaseAddr	12.9	20.7	389
12	202928	5147.8716	10423.2934	1153.1	 698.1	3243	  897.3	 26.4	  895.3	-17.0	238.38	14.97	5.15	18.69	2.64	29.75	BaseAddr	12.9	20.8	390
12	203028	5147.8712	10423.2933	1153.0	 698.0	3196	  897.2	 26.4	  895.6	-16.9	238.38	14.97	5.15	18.69	2.67	29.75	BaseAddr	12.8	20.8	391
12	203128	5147.8712	10423.2935	1153.0	 698.0	3218	  897.2	 26.4	  895.5	-16.9	230.16	14.97	5.15	18.70	2.62	29.75	BaseAddr	12.8	20.8	392
12	203238	5147.8716	10423.2932	1152.8	 697.8	3264	  897.4	 26.4	  895.5	-17.0	230.16	14.97	5.15	18.69	2.64	29.75	BaseAddr	12.8	20.7	393
12	203429	5147.8719	10423.2934	1152.5	 697.5	3313	  897.4	 26.4	  895.7	-16.9	227.42	14.97	5.16	18.69	2.64	29.75	BaseAddr	12.7	20.8	394
12	203529	5147.8721	10423.2932	1152.4	 697.4	3191	  897.4	 26.4	  895.6	-17.0	230.16	14.97	5.16	18.69	2.64	29.75	BaseAddr	12.7	20.8	395
12	203639	5147.8720	10423.2933	1152.3	 697.3	3284	  897.3	 26.4	  895.5	-17.0	232.90	14.98	5.15	18.69	2.62	29.75	BaseAddr	12.8	20.7	396
12	203739	5147.8720	10423.2935	1152.2	 697.2	3266	  897.3	 26.4	  895.5	-17.0	224.68	14.97	5.16	18.69	2.64	29.75	BaseAddr	12.6	20.8	397
12	203930	5147.8764	10423.2904	1152.7	 697.7	3325	  897.4	 26.4	  895.7	-17.0	219.20	14.96	5.15	18.69	2.62	29.75	BaseAddr	12.6	20.7	398
12	204040	5147.8760	10423.2896	1152.9	 697.9	3192	  897.5	 26.4	  895.5	-17.0	224.68	14.97	5.15	18.71	2.62	29.75	BaseAddr	12.6	20.7	399
12	204140	5147.8759	10423.2892	1152.8	 697.8	3214	  897.3	 26.4	  895.7	-17.0	221.94	14.97	5.16	18.70	2.60	29.75	BaseAddr	12.7	20.7	400
12	204240	5147.8758	10423.2887	1152.7	 697.7	3215	  897.4	 26.4	  895.4	-17.0	221.94	14.97	5.16	18.70	2.64	29.75	BaseAddr	12.6	20.6	401
12	204432	5147.8753	10423.2880	1152.6	 697.6	3191	  897.4	 26.3	  895.4	-17.0	216.46	14.97	5.15	18.69	2.60	30.00	BaseAddr	12.6	20.6	402
12	204542	5147.8752	10423.2877	1152.6	 697.6	3246	  897.4	 26.3	  895.5	-17.0	219.20	14.97	5.15	18.70	2.60	29.50	BaseAddr	12.5	20.7	403
12	204642	5147.8751	10423.2874	1152.6	 697.6	3233	  897.4	 26.3	  895.5	-17.0	216.46	14.97	5.15	18.69	2.68	29.50	BaseAddr	12.5	20.6	404
12	204742	5147.8750	10423.2872	1152.6	 697.6	3201	  897.4	 26.3	  895.5	-17.0	221.94	14.97	5.15	18.69	2.60	29.50	BaseAddr	12.6	20.6	405
12	204943	5147.8749	10423.2868	1152.7	 697.7	3224	  897.3	 26.3	  895.5	-17.0	216.46	14.97	5.15	18.70	2.62	29.50	BaseAddr	12.5	20.6	406
12	205043	5147.8747	10423.2866	1152.8	 697.8	3201	  897.3	 26.3	  895.5	-17.0	210.98	14.97	5.15	18.69	2.67	29.50	BaseAddr	12.4	20.6	407
12	205143	5147.8745	10423.2862	1152.9	 697.9	3200	  897.3	 26.2	  895.5	-17.0	210.98	14.98	5.15	18.69	2.67	29.25	BaseAddr	12.3	20.5	408
12	205243	5147.8731	10423.2818	1154.3	 699.3	3186	  897.2	 26.2	  895.5	-17.0	210.98	14.97	5.15	18.69	2.60	29.25	BaseAddr	12.3	20.5	409
12	205434	5147.8728	10423.2816	1154.4	 699.4	3182	  897.3	 26.2	  895.4	-17.0	208.24	14.97	5.15	18.70	2.59	29.50	BaseAddr	12.4	20.5	410
12	205534	5147.8728	10423.2815	1154.3	 699.3	3233	  897.2	 26.2	  895.5	-17.0	208.24	14.97	5.16	18.69	2.59	29.25	BaseAddr	12.3	20.4	411
12	205634	5147.8730	10423.2815	1154.2	 699.2	3187	  897.3	 26.1	  895.5	-17.0	205.50	14.97	5.16	18.69	2.62	29.50	BaseAddr	12.3	20.4	412
12	205734	5147.8731	10423.2814	1154.2	 699.2	3210	  897.3	 26.1	  895.4	-17.0	205.50	14.97	5.15	18.70	2.60	29.25	BaseAddr	12.3	20.4	413
12	205945	5147.8730	10423.2815	1154.2	 699.2	3186	  897.1	 26.1	  895.6	-17.0	202.76	14.97	5.15	18.70	2.62	29.50	BaseAddr	12.2	20.3	414
12	210045	5147.8727	10423.2816	1154.3	 699.3	3154	  897.0	 26.1	  895.2	-17.0	202.76	14.97	5.16	18.69	2.62	29.25	BaseAddr	12.2	20.4	415
12	210145	5147.8722	10423.2820	1154.6	 699.6	3177	  897.0	 26.0	  895.1	-17.0	202.76	14.97	5.16	18.69	2.64	29.00	BaseAddr	12.2	20.3	416
12	210245	5147.8716	10423.2821	1154.7	 699.7	3163	  897.0	 26.0	  895.1	-17.0	197.28	14.96	5.15	18.69	2.65	29.00	BaseAddr	12.2	20.4	417
12	210446	5147.8722	10423.2835	1155.4	 700.4	3163	  897.0	 26.0	  895.1	-17.0	191.80	14.97	5.16	18.70	2.62	29.00	BaseAddr	12.2	20.2	418
12	210546	5147.8688	10423.2805	1156.9	 701.9	3199	  897.0	 26.0	  895.1	-17.0	186.32	14.97	5.15	18.70	2.60	29.25	BaseAddr	12.1	20.3	419
12	210646	5147.8652	10423.2827	1157.8	 702.8	3108	  896.9	 25.9	  895.0	-17.0	189.06	14.97	5.16	18.70	2.62	29.50	BaseAddr	12.2	20.3	420
12	210746	5147.8638	10423.2832	1158.6	 703.6	3074	  896.9	 25.9	  895.0	-17.0	183.58	14.97	5.16	18.69	2.64	29.25	BaseAddr	12.1	20.2	421
12	210947	5147.8636	10423.2826	1158.6	 703.6	3077	  896.8	 25.9	  894.9	-17.0	186.32	14.97	5.16	18.69	2.62	29.25	BaseAddr	12.1	20.2	422
12	211047	5147.8631	10423.2814	1158.5	 703.5	3087	  896.8	 25.9	  895.2	-17.0	180.84	14.97	5.16	18.69	2.60	29.00	BaseAddr	12.1	20.2	423
12	211147	5147.8605	10423.2805	1158.2	 703.2	3069	  896.8	 25.9	  894.9	-17.0	175.36	14.97	5.15	18.69	2.60	29.00	BaseAddr	12.1	20.1	424
12	211247	5147.8607	10423.2798	1154.6	 699.6	3095	  896.9	 25.9	  895.2	-17.0	172.62	14.97	5.15	18.69	2.60	29.00	BaseAddr	12.1	20.2	425
12	211448	5147.8631	10423.2757	1145.0	 690.0	3140	  897.0	 25.8	  895.2	-17.0	175.36	14.96	5.16	18.69	2.64	29.25	BaseAddr	12.1	20.1	426
12	211548	5147.8641	10423.2708	1143.6	 688.6	3076	  897.0	 25.8	  895.1	-17.0	175.36	14.97	5.15	18.69	2.62	29.25	BaseAddr	12.2	20.1	427
12	211648	5147.8662	10423.2703	1144.1	 689.1	3071	  897.0	 25.8	  895.2	-17.0	172.62	14.97	5.16	18.69	2.64	29.00	BaseAddr	12.1	20.1	428
12	211748	5147.8663	10423.2703	1144.2	 689.2	3154	  897.0	 25.8	  895.1	-17.0	172.62	14.97	5.16	18.70	2.59	29.00	BaseAddr	12.1	20.1	429
12	211949	5147.8686	10423.2683	1149.2	 694.2	3103	  897.1	 25.8	  895.2	-17.0	178.10	14.97	5.15	18.69	2.62	29.25	BaseAddr	12.1	20.1	430
12	212049	5147.8685	10423.2676	1149.8	 694.8	3099	  897.0	 25.8	  895.0	-17.0	178.10	14.97	5.16	18.69	2.64	29.00	BaseAddr	12.1	20.1	431
12	212149	5147.8684	10423.2675	1149.7	 694.7	3113	  897.0	 25.8	  895.2	-17.0	180.84	14.97	5.15	18.69	2.60	29.00	BaseAddr	12.0	20.1	432
12	212249	5147.8684	10423.2675	1149.7	 694.7	3045	  897.0	 25.7	  895.2	-17.0	178.10	14.96	5.15	18.69	2.64	29.00	BaseAddr	12.0	20.1	433


