date	time	N	E	H	H-455	compass	P_hpa0	T0,C	P_hpa1	T1,C	dP,kpa	U15,V	U5,V	Uac,V	I,A	Tpow,C	Tmos,C	Bot,C	Top,C	NUM	Clin1	Clin2	ClinTh	Num
 9	131704	5147.8302	10423.3018	 762.9	 307.9	 318	  930.2	 18.3	  929.5	 -8.4	274.00	14.96	5.15	18.75	2.60	24.00	-8.50	11.0	16.1	1	-2.8	1.0	3.0	1
 9	131804	5147.8302	10423.3074	 762.5	 307.5	 284	  930.1	 18.5	  929.5	 -8.4	274.00	14.97	5.15	18.74	2.62	24.50	-8.50	11.1	15.2	2	-2.8	1.0	3.0	2
 9	131904	5147.8284	10423.3092	 763.1	 308.1	 338	  930.2	 18.7	  929.5	 -8.5	268.52	14.97	5.15	18.75	2.60	24.75	-8.50	11.2	15.4	3	-2.8	1.0	3.0	3
 9	132004	5147.8291	10423.3096	 762.9	 307.9	 387	  930.1	 18.8	  929.4	 -8.6	257.56	14.97	5.15	18.75	2.60	25.00	-8.25	11.4	15.6	4	-2.8	1.0	2.9	4
 9	132205	5147.8292	10423.3009	 761.4	 306.4	 192	  930.4	 19.2	  929.4	 -8.8	254.82	14.97	5.15	18.74	2.62	25.50	-8.00	11.6	15.9	5	-2.9	0.9	3.0	5
 9	132305	5147.8294	10423.3015	 761.5	 306.5	 215	  930.3	 19.4	  929.2	 -8.8	252.08	14.97	5.16	18.75	2.64	25.50	-8.00	11.6	16.1	6	-2.9	0.9	3.0	6
 9	132405	5147.8287	10423.3133	 762.4	 307.4	 353	  930.3	 19.6	  929.2	 -8.7	246.60	14.97	5.15	18.75	2.65	25.50	-8.00	11.7	16.2	7	-2.8	1.0	2.9	7
 9	132505	5147.8289	10423.3102	 761.6	 306.6	 378	  930.5	 19.8	  929.2	 -8.7	243.86	14.96	5.15	18.75	2.62	25.75	-7.75	11.9	16.4	8	-2.8	1.0	3.0	8
 9	132706	5147.8302	10423.3094	 761.2	 306.2	 371	  930.5	 20.1	  929.4	 -8.8	238.38	14.97	5.15	18.74	2.60	26.75	-8.00	12.1	17.9	9	-2.9	1.0	3.0	9
 9	132806	5147.8302	10423.3097	 761.2	 306.2	 384	  930.6	 20.3	  929.3	 -8.9	241.12	14.97	5.15	18.74	2.62	26.75	-8.00	12.3	16.9	10	-2.7	1.1	2.9	10
 9	132906	5147.8300	10423.3101	 761.3	 306.3	 405	  930.5	 20.5	  929.2	 -9.1	227.42	14.97	5.15	18.75	2.64	26.25	-7.75	12.3	17.0	11	-2.7	1.1	2.9	11
 9	133006	5147.8299	10423.3066	 761.7	 306.7	 292	  930.4	 20.6	  929.4	 -9.2	230.16	14.97	5.15	18.74	2.62	26.25	-8.00	12.3	17.2	12	-2.8	0.9	2.9	12
 9	133207	5147.8318	10423.3144	 760.7	 305.7	 376	  930.5	 21.0	  929.3	 -9.3	224.68	14.97	5.15	18.74	2.62	26.50	-8.00	12.6	17.5	13	-2.7	1.1	2.9	13
 9	135008	5147.8231	10423.3152	 763.0	 308.0	 140	  930.5	 22.0	  928.9	-10.5	147.96	14.96	5.15	18.74	2.64	27.75	-8.75	13.9	18.6	14	-2.6	1.3	2.9	14
 9	135108	5147.8230	10423.3152	 763.0	 308.0	 109	  930.7	 22.1	  928.8	-10.5	142.48	14.96	5.15	18.74	2.64	27.75	-8.75	14.0	18.6	15	-2.6	1.3	2.9	15
 9	135208	5147.8228	10423.3155	 763.1	 308.1	 238	  930.7	 22.2	  928.8	-10.6	147.96	14.97	5.15	18.75	2.62	28.00	-8.75	14.1	18.8	16	-2.5	1.4	2.9	16
 9	135308	5147.8226	10423.3158	 763.2	 308.2	 199	  930.7	 22.3	  928.8	-10.6	139.74	14.96	5.15	18.75	2.64	28.00	-8.75	14.3	18.9	17	-2.5	1.4	2.9	17
 9	135509	5147.8283	10423.3121	 764.1	 309.1	 289	  930.6	 22.6	  928.6	-10.6	139.74	14.97	5.15	18.75	2.62	28.50	-8.75	14.5	19.2	18	-2.7	1.1	3.0	18
 9	135609	5147.8283	10423.3125	 764.1	 309.1	 260	  930.6	 22.8	  928.8	-10.4	153.44	14.97	5.16	18.75	2.62	28.50	-9.00	14.7	20.9	19	-2.6	1.3	2.9	19
 9	135709	5147.8278	10423.3130	 764.3	 309.3	 289	  929.7	 22.9	  927.8	-10.4	164.40	14.97	5.16	18.75	2.60	29.00	-9.25	14.8	19.6	20	-2.6	1.3	2.9	20
 9	135809	5147.8274	10423.3058	 781.5	 326.5	 237	  927.1	 23.1	  925.6	-10.3	189.06	14.97	5.16	18.74	2.67	29.00	-9.00	14.8	19.7	21	-2.8	1.1	3.0	21
 9	140010	5147.8404	10423.2759	 833.9	 378.9	  90	  921.2	 23.3	  920.0	 -9.9	257.56	14.97	5.15	18.75	2.62	29.25	-9.25	14.9	19.9	22	-3.6	0.2	3.6	22
 9	140110	5147.8524	10423.2601	 861.2	 406.2	  66	  918.1	 23.4	  916.9	 -9.5	331.54	14.96	5.16	18.75	2.64	29.00	-9.25	14.9	20.1	23	-4.2	-0.4	4.2	23
 9	140210	5147.8638	10423.2452	 887.0	 432.0	  31	  915.0	 23.5	  913.9	 -9.0	334.28	14.96	5.16	18.75	2.62	29.50	-9.25	14.9	20.1	24	-5.1	-1.3	5.3	24
 9	140310	5147.8837	10423.2626	 918.5	 463.5	 238	  911.3	 23.7	  910.5	 -8.3	391.82	14.96	5.16	18.74	2.62	29.50	-9.00	15.0	20.2	25	-4.8	-1.2	5.0	25
 9	140511	5147.8832	10423.3153	 989.3	 534.3	 122	  902.9	 23.9	  902.1	 -7.1	564.44	14.97	5.15	18.73	2.68	29.75	-9.00	15.0	20.5	26	-4.4	0.9	4.5	26
 9	140611	5147.8598	10423.3780	1032.0	 577.0	 669	  898.6	 24.1	  898.0	 -6.6	690.48	14.96	5.15	18.74	2.62	29.75	-8.75	15.1	20.6	27	-3.9	1.3	4.1	27
 9	140711	5147.8630	10423.4155	1060.2	 605.2	 830	  895.9	 24.2	  895.1	 -6.0	780.90	14.97	5.15	18.74	2.64	29.75	-8.50	15.2	20.8	28	-4.5	1.5	4.8	28
 9	140811	5147.8714	10423.4143	1063.0	 608.0	 682	  895.8	 24.3	  895.0	 -5.4	816.52	14.97	5.15	18.74	2.64	29.75	-8.50	15.2	20.9	29	-4.8	1.1	4.9	29
 9	141012	5147.8750	10423.4223	1060.1	 605.1	 704	  895.9	 23.8	  895.8	 -4.4	805.56	14.97	5.16	18.73	2.94	29.00	-7.75	15.6	21.0	30	-5.4	1.7	5.7	30
 9	141112	5147.8757	10423.4200	1059.9	 604.9	 778	  895.7	 23.6	  895.6	 -4.0	808.30	14.96	5.15	18.74	2.67	29.25	-7.50	15.9	21.1	31	-5.4	1.7	5.6	31
 9	141212	5147.8772	10423.4181	1059.9	 604.9	 750	  895.7	 23.3	  895.8	 -3.7	789.12	14.97	5.16	18.75	2.64	29.50	-7.25	16.1	20.9	32	-5.2	1.5	5.4	32
 9	141312	5147.8794	10423.4147	1059.6	 604.6	 644	  895.6	 23.2	  895.4	 -3.5	769.94	14.96	5.15	18.74	2.62	29.25	-6.75	16.2	21.0	33	-5.3	1.7	5.6	33
 9	141513	5147.8796	10423.4211	1058.3	 603.3	 759	  895.9	 23.0	  895.7	 -3.2	742.54	14.97	5.15	18.75	2.64	29.50	-6.50	16.5	21.0	34	-5.6	1.5	5.8	34
 9	141613	5147.8798	10423.4210	1058.3	 603.3	 686	  896.0	 23.0	  895.6	 -3.1	737.06	14.97	5.15	18.75	2.62	29.50	-6.25	16.7	21.0	35	-5.6	2.0	6.0	35
 9	142036	5147.8767	10423.4160	1059.6	 604.6	 725	  895.6	 23.1	  895.4	 -2.8	728.84	14.97	5.15	18.75	2.64	28.25	-5.25	17.1	21.1	36	-5.4	2.0	5.7	36
 9	142136	5147.8778	10423.4143	1060.2	 605.2	 606	  896.0	 22.8	  895.5	 -2.8	720.62	14.96	5.16	18.75	2.64	28.75	-5.00	17.3	21.1	37	-5.6	1.2	5.8	37
 9	142236	5147.8809	10423.4131	1059.5	 604.5	 690	  895.9	 22.5	  895.5	 -2.7	726.10	14.97	5.15	18.73	2.94	28.50	-4.50	17.6	21.0	38	-5.5	2.5	6.1	38
 9	142336	5147.8793	10423.4053	1061.4	 606.4	 604	  895.6	 22.4	  895.3	 -2.8	715.14	14.96	5.15	18.75	2.62	28.50	-4.75	17.9	21.1	39	-5.2	1.4	5.4	39
 9	142537	5147.8818	10423.4105	1061.0	 606.0	 611	  895.6	 22.3	  895.4	 -2.8	701.44	14.96	5.15	18.72	3.02	28.50	-4.25	18.1	21.0	40	-5.3	1.2	5.4	40
 9	142637	5147.8798	10423.4062	1062.3	 607.3	 646	  895.5	 22.2	  895.3	 -2.9	685.00	14.97	5.15	18.71	3.07	28.25	-4.25	18.1	21.0	41	-5.8	2.3	6.2	41
 9	142737	5147.8726	10423.4342	1059.6	 604.6	 784	  895.9	 22.1	  895.6	 -2.9	679.52	14.96	5.15	18.76	2.60	28.50	-3.75	18.2	21.1	42	-5.5	1.8	5.8	42
 9	142837	5147.8778	10423.4307	1059.1	 604.1	 694	  895.8	 22.1	  895.5	 -2.9	679.52	14.97	5.16	18.72	2.94	28.50	-3.25	18.4	21.0	43	-6.4	1.1	6.5	43
 9	143038	5147.8823	10423.4194	1061.0	 606.0	 734	  895.8	 22.0	  895.5	 -2.9	657.60	14.97	5.16	18.76	2.60	28.50	-3.25	18.6	21.1	44	-5.5	2.2	5.9	44
 9	143138	5147.8827	10423.4246	1058.7	 603.7	 654	  896.0	 22.0	  895.7	 -2.9	660.34	14.97	5.16	18.73	3.05	28.25	-3.00	18.6	21.0	45	-6.2	1.6	6.4	45
 9	143238	5147.8843	10423.4217	1059.2	 604.2	 644	  895.9	 21.9	  895.6	 -2.9	643.90	14.96	5.16	18.76	2.62	28.00	-3.00	18.8	21.0	46	-5.9	2.0	6.3	46
 9	143348	5147.8830	10423.4194	1059.4	 604.4	 774	  895.7	 21.9	  895.4	 -2.9	652.12	14.97	5.15	18.72	3.01	28.25	-3.00	18.8	21.0	47	-6.2	1.9	6.4	47
 9	143539	5147.8879	10423.4278	1058.1	 603.1	 755	  896.0	 21.8	  895.9	 -2.9	621.98	14.97	5.15	18.73	2.91	27.75	-3.00	19.0	21.1	48	-6.1	2.0	6.4	48
 9	143639	5147.8854	10423.4362	1057.4	 602.4	 738	  896.2	 21.8	  895.9	 -2.9	619.24	14.97	5.15	18.74	2.90	27.75	-2.75	19.1	21.1	49	-6.3	2.2	6.7	49
 9	143749	5147.8907	10423.4299	1056.7	 601.7	 660	  896.1	 21.8	  896.2	 -2.8	611.02	14.97	5.15	18.76	2.62	28.00	-2.50	19.1	21.0	50	-6.4	0.5	6.4	50
 9	143849	5147.8863	10423.4122	1061.6	 606.6	 694	  895.5	 21.8	  895.5	 -2.8	621.98	14.97	5.15	18.73	2.98	27.50	-2.50	19.2	21.1	51	-5.9	1.9	6.2	51
 9	144040	5147.8857	10423.4390	1056.0	 601.0	 785	  896.2	 21.7	  896.3	 -2.9	586.36	14.97	5.15	18.76	2.62	27.75	-2.50	19.3	21.0	52	-6.0	1.3	6.1	52
 9	144150	5147.8945	10423.4134	1055.1	 600.1	 593	  895.7	 21.7	  895.6	 -2.8	591.84	14.97	5.15	18.75	2.62	27.75	-2.50	19.3	21.0	53	-6.2	1.2	6.3	53
 9	144250	5147.8681	10423.4368	1060.3	 605.3	 739	  895.3	 21.7	  895.1	 -2.9	597.32	14.97	5.15	18.73	2.90	27.25	-2.50	19.4	21.0	54	-6.6	2.3	6.9	54
 9	144350	5147.8792	10423.4320	1056.8	 601.8	 727	  895.6	 21.7	  895.5	 -2.8	597.32	14.97	5.15	18.74	2.91	27.50	-2.50	19.4	21.0	55	-6.4	2.1	6.7	55
 9	144551	5147.8860	10423.4112	1060.3	 605.3	 613	  895.2	 21.6	  895.3	 -2.8	583.62	14.97	5.15	18.74	2.87	27.25	-2.25	19.6	21.1	56	-6.1	2.3	6.5	56
 9	144651	5147.8894	10423.4136	1057.7	 602.7	 756	  895.6	 21.6	  895.4	 -2.9	564.44	14.96	5.15	18.73	2.99	27.25	-2.25	19.6	21.1	57	-5.9	2.2	6.3	57
 9	144751	5147.8895	10423.4102	1059.4	 604.4	 694	  895.4	 21.6	  895.1	 -2.9	561.70	14.97	5.15	18.74	2.90	27.50	-2.00	19.7	21.1	58	-6.1	2.5	6.6	58
 9	144851	5147.8818	10423.4207	1058.6	 603.6	 725	  895.4	 21.6	  895.1	 -3.0	556.22	14.97	5.16	18.74	2.87	27.50	-2.00	19.7	21.0	59	-6.0	2.2	6.4	59
 9	145051	5147.8910	10423.4135	1057.6	 602.6	 766	  895.5	 21.6	  895.4	 -3.0	548.00	14.97	5.15	18.74	2.91	27.25	-2.00	19.9	21.1	60	-5.6	2.3	6.1	60
 9	145151	5147.8898	10423.4133	1058.4	 603.4	 762	  895.5	 21.6	  895.3	 -3.0	545.26	14.96	5.15	18.74	2.90	27.25	-2.25	19.9	21.0	61	-5.5	1.4	5.7	61
 9	145251	5147.8915	10423.4104	1057.8	 602.8	 756	  895.5	 21.6	  895.4	 -3.0	523.34	14.97	5.15	18.73	2.90	27.00	-2.25	19.9	21.1	62	-6.1	1.3	6.2	62
 9	145351	5147.8905	10423.4196	1056.4	 601.4	 737	  895.8	 21.6	  895.6	 -3.0	495.94	14.96	5.16	18.74	2.88	27.25	-2.00	19.9	21.1	63	-6.6	1.7	6.8	63
 9	145552	5147.8869	10423.4201	1058.2	 603.2	 651	  895.6	 21.6	  895.3	 -3.1	512.38	14.96	5.15	18.74	2.90	27.00	-2.25	20.0	21.0	64	-5.9	2.0	6.2	64
 9	145652	5147.8892	10423.4126	1058.9	 603.9	 634	  895.5	 21.6	  895.1	 -3.1	506.90	14.97	5.15	18.75	2.87	27.25	-2.25	20.1	21.1	65	-6.0	1.6	6.2	65
 9	145752	5147.8937	10423.4115	1056.4	 601.4	 619	  895.6	 21.6	  895.3	 -3.1	482.24	14.97	5.15	18.74	2.88	27.25	-2.00	20.1	21.2	66	-6.0	1.4	6.1	66
 9	145852	5147.8975	10423.4063	1055.6	 600.6	 692	  895.6	 21.7	  895.6	 -3.1	484.98	14.97	5.15	18.74	2.90	27.25	-2.25	20.2	21.2	67	-6.0	1.2	6.1	67
 9	150053	5147.8942	10423.4043	1057.5	 602.5	 611	  895.5	 21.7	  895.1	 -3.1	482.24	14.97	5.15	18.74	2.90	27.00	-2.00	20.2	21.3	68	-6.0	1.0	6.1	68
 9	150154	5147.8932	10423.4061	1057.6	 602.6	 606	  895.5	 21.7	  895.1	 -3.1	479.50	14.96	5.15	18.74	2.85	27.25	-1.75	20.2	21.3	69	-5.7	2.0	6.1	69
 9	150253	5147.8927	10423.4083	1057.1	 602.1	 690	  895.6	 21.7	  895.1	 -3.1	454.84	14.97	5.15	18.73	2.87	27.25	-2.00	20.3	21.2	70	-6.1	1.0	6.2	70
 9	150353	5147.8917	10423.4202	1055.6	 600.6	 710	  895.7	 21.7	  895.4	 -3.1	454.84	14.96	5.15	18.74	2.88	27.25	-2.00	20.2	21.3	71	-6.1	1.5	6.2	71
 9	150554	5147.8992	10423.4057	1056.1	 601.1	 587	  895.7	 21.8	  895.3	 -3.2	452.10	14.96	5.15	18.74	2.88	27.25	-2.00	20.3	21.3	72	-6.2	2.2	6.6	72
 9	150654	5147.8942	10423.4116	1058.4	 603.4	 612	  895.6	 21.8	  895.3	 -3.1	457.58	14.97	5.15	18.74	2.90	27.25	-2.25	20.3	21.3	73	-6.1	1.6	6.3	73
 9	150754	5147.8945	10423.4252	1054.1	 599.1	 706	  895.9	 21.8	  895.7	 -3.1	452.10	14.97	5.15	18.74	2.90	27.25	-2.00	20.4	21.3	74	-6.4	1.3	6.5	74
 9	150854	5147.9059	10423.4202	1048.7	 593.7	 729	  896.3	 21.8	  895.8	 -3.1	421.96	14.97	5.15	18.75	2.88	27.50	-2.25	20.3	21.4	75	-6.8	1.3	6.9	75
 9	151055	5147.8981	10423.4044	1058.2	 603.2	 654	  895.6	 21.9	  895.4	 -2.9	449.36	14.96	5.15	18.75	2.85	27.25	-2.00	20.3	21.5	76	-6.2	1.0	6.3	76
 9	151155	5147.9022	10423.4137	1054.9	 599.9	 622	  896.1	 21.9	  895.9	 -2.9	443.88	14.97	5.15	18.74	2.90	27.25	-2.00	20.4	21.4	77	-6.0	1.6	6.2	77
 9	151255	5147.9051	10423.4166	1053.2	 598.2	 693	  896.1	 21.9	  895.9	 -3.0	416.48	14.97	5.15	18.74	2.88	27.25	-2.00	20.5	21.5	78	-6.3	0.7	6.4	78
 9	151355	5147.9055	10423.4036	1056.3	 601.3	 583	  895.6	 21.9	  895.5	 -2.9	452.10	14.96	5.15	18.73	2.88	27.50	-2.00	20.4	21.5	79	-6.7	1.9	7.0	79
 9	151556	5147.9030	10423.4060	1055.2	 600.2	 607	  895.9	 21.9	  895.5	 -2.9	430.18	14.96	5.15	18.74	2.87	27.25	-2.00	20.5	21.5	80	-6.1	1.5	6.3	80
 9	151656	5147.9057	10423.4045	1054.4	 599.4	 561	  895.9	 21.9	  895.6	 -3.0	408.26	14.97	5.15	18.74	2.88	27.50	-2.00	20.5	21.5	81	-6.4	2.0	6.7	81
 9	151756	5147.9059	10423.4063	1054.7	 599.7	 587	  896.0	 22.0	  895.8	 -3.0	421.96	14.97	5.16	18.73	2.93	27.75	-1.75	20.5	21.4	82	-6.6	1.5	6.7	82
 9	151856	5147.9052	10423.4084	1053.0	 598.0	 623	  896.1	 22.0	  895.8	 -2.9	411.00	14.97	5.15	18.74	2.88	27.25	-2.00	20.5	21.5	83	-6.8	1.9	7.1	83
 9	152057	5147.9027	10423.3931	1057.2	 602.2	 550	  895.5	 22.0	  895.1	 -2.9	416.48	14.96	5.15	18.74	2.88	27.50	-2.00	20.5	21.6	84	-6.1	1.5	6.2	84
 9	152157	5147.9013	10423.3904	1057.3	 602.3	 564	  895.4	 22.0	  894.8	 -2.9	419.22	14.96	5.16	18.74	2.87	27.25	-2.00	20.6	21.6	85	-5.8	1.0	5.9	85
 9	152257	5147.8968	10423.3909	1059.0	 604.0	 551	  895.2	 22.1	  894.7	 -2.9	413.74	14.96	5.15	18.74	2.88	27.50	-2.00	20.6	21.6	86	-5.5	1.2	5.6	86
 9	152407	5147.8948	10423.3875	1060.7	 605.7	 606	  895.1	 22.1	  894.6	 -2.9	416.48	14.96	5.15	18.73	2.98	27.50	-1.75	20.7	21.7	87	-5.2	1.6	5.5	87
 9	152558	5147.8970	10423.3796	1060.7	 605.7	 476	  895.0	 22.1	  894.5	 -3.0	391.82	14.96	5.15	18.73	2.93	27.50	-2.00	20.7	21.7	88	-5.1	1.7	5.4	88
 9	152658	5147.8934	10423.3789	1065.1	 610.1	 489	  894.8	 22.2	  894.2	 -3.0	389.08	14.97	5.16	18.74	2.88	27.75	-2.00	20.8	21.7	89	-5.2	1.5	5.4	89
 9	152808	5147.8973	10423.3848	1064.5	 609.5	 525	  895.1	 22.2	  894.6	 -3.0	380.86	14.96	5.15	18.74	2.90	27.75	-1.75	20.8	21.8	90	-5.1	1.2	5.2	90
 9	152908	5147.8974	10423.3816	1062.0	 607.0	 508	  895.1	 22.2	  894.3	 -3.0	380.86	14.96	5.16	18.74	2.94	27.75	-2.00	20.9	21.8	91	-5.2	1.5	5.4	91
 9	153059	5147.8950	10423.3762	1065.6	 610.6	 418	  894.7	 22.3	  894.1	 -3.0	369.90	14.97	5.15	18.74	2.90	27.75	-1.75	21.0	21.9	92	-5.0	1.3	5.2	92
 9	153209	5147.8948	10423.3761	1065.7	 610.7	 450	  894.7	 22.3	  894.3	 -3.0	364.42	14.97	5.15	18.75	2.91	27.75	-1.75	21.0	21.9	93	-5.0	1.6	5.3	93
 9	153309	5147.8994	10423.3819	1060.8	 605.8	 542	  895.1	 22.4	  894.5	 -3.0	353.46	14.97	5.15	18.74	2.93	27.75	-2.00	21.0	21.9	94	-5.0	1.3	5.1	94
 9	153409	5147.8947	10423.3690	1065.5	 610.5	 445	  894.6	 22.4	  894.0	 -3.0	364.42	14.97	5.16	18.74	2.88	28.00	-1.75	21.1	22.1	95	-4.8	1.5	5.0	95
 9	153610	5147.8932	10423.3723	1065.8	 610.8	 481	  894.6	 22.5	  894.1	 -2.9	350.72	14.97	5.15	18.74	2.88	27.75	-1.75	21.1	22.0	96	-4.6	1.5	4.9	96
 9	153710	5147.8933	10423.3722	1066.1	 611.1	 471	  894.7	 22.5	  894.1	 -2.9	345.24	14.96	5.15	18.74	2.90	27.75	-1.75	21.2	22.2	97	-4.7	1.5	4.9	97
 9	153810	5147.8934	10423.3720	1066.1	 611.1	 498	  894.5	 22.5	  894.1	 -2.9	345.24	14.96	5.16	18.74	2.91	27.75	-1.75	21.2	22.3	98	-4.7	1.2	4.8	98
 9	153910	5147.8908	10423.3635	1068.4	 613.4	 418	  894.3	 22.6	  894.0	 -2.9	342.50	14.97	5.15	18.74	2.88	28.00	-1.75	21.3	22.2	99	-4.8	1.8	5.1	99
 9	154111	5147.9016	10423.3718	1062.2	 607.2	 543	  894.9	 22.7	  894.4	 -2.9	339.76	14.96	5.16	18.74	2.91	27.75	-1.75	21.3	22.3	100	-5.2	1.3	5.3	100
 9	154211	5147.9030	10423.3709	1060.1	 605.1	 450	  894.9	 22.7	  894.4	 -2.9	331.54	14.97	5.15	18.74	2.85	28.00	-1.50	21.4	22.4	101	-5.1	1.1	5.2	101
 9	154311	5147.8969	10423.3686	1064.3	 609.3	 450	  894.5	 22.8	  894.3	 -2.9	331.54	14.96	5.15	18.74	2.88	28.00	-1.75	21.4	22.4	102	-5.1	1.5	5.3	102
 9	154411	5147.9012	10423.3868	1061.1	 606.1	 546	  895.1	 22.8	  894.5	 -2.9	328.80	14.97	5.15	18.74	2.91	28.00	-2.00	21.4	22.5	103	-5.5	1.7	5.8	103
 9	154612	5147.9019	10423.3684	1062.6	 607.6	 454	  894.6	 22.9	  894.2	 -3.0	331.54	14.97	5.15	18.73	2.91	28.25	-1.50	21.5	22.6	104	-5.1	1.5	5.3	104
 9	154712	5147.9016	10423.3786	1062.1	 607.1	 468	  894.9	 22.9	  894.4	 -3.0	309.62	14.96	5.15	18.74	2.90	28.25	-1.50	21.5	22.6	105	-5.5	1.7	5.7	105
 9	154812	5147.9087	10423.3877	1057.5	 602.5	 533	  895.3	 22.9	  894.8	 -3.0	320.58	14.96	5.15	18.74	2.90	28.25	-1.50	21.5	22.6	106	-6.0	1.4	6.2	106
 9	154912	5147.9086	10423.3880	1057.4	 602.4	 570	  895.2	 23.0	  894.8	 -3.0	317.84	14.96	5.15	18.74	2.91	28.50	-1.25	21.6	22.6	107	-5.9	1.4	6.1	107
 9	155113	5147.9088	10423.3878	1057.3	 602.3	 500	  895.1	 23.0	  894.7	 -3.0	315.10	14.97	5.16	18.74	2.90	28.25	-1.50	21.6	22.6	108	-5.8	1.6	6.0	108
 9	155213	5147.9084	10423.3880	1057.4	 602.4	 508	  895.1	 23.0	  894.4	 -3.0	309.62	14.97	5.16	18.74	2.87	28.25	-2.00	21.6	22.6	109	-5.7	1.4	5.8	109
 9	155313	5147.9091	10423.3827	1058.8	 603.8	 430	  895.1	 23.0	  894.6	 -3.0	309.62	14.96	5.15	18.74	2.87	28.50	-2.00	21.7	22.6	110	-6.0	1.8	6.2	110
 9	155413	5147.9079	10423.3859	1058.9	 603.9	 515	  895.0	 23.1	  894.6	 -3.1	317.84	14.97	5.15	18.74	2.87	28.25	-1.75	21.7	22.6	111	-5.7	1.7	6.0	111
 9	155614	5147.9051	10423.4006	1056.7	 601.7	 611	  895.3	 23.1	  894.6	 -3.1	290.44	14.97	5.16	18.74	2.87	28.50	-1.75	21.7	22.7	112	-5.9	1.4	6.0	112
 9	155714	5147.9059	10423.4005	1055.3	 600.3	 589	  895.1	 23.1	  894.3	 -3.1	298.66	14.96	5.16	18.74	2.85	28.50	-1.50	21.7	22.8	113	-5.9	1.3	6.0	113
 9	155814	5147.9054	10423.3924	1058.7	 603.7	 554	  894.9	 23.1	  894.3	 -3.0	298.66	14.97	5.16	18.74	2.85	28.50	-2.00	21.7	22.8	114	-5.9	1.2	6.1	114
 9	155914	5147.9055	10423.3932	1058.6	 603.6	 571	  895.0	 23.2	  894.6	 -3.1	298.66	14.96	5.15	18.74	2.88	28.25	-1.50	21.8	22.8	115	-5.8	0.9	5.9	115
 9	160115	5147.9040	10423.3881	1059.5	 604.5	 513	  894.7	 23.2	  894.3	 -3.0	301.40	14.97	5.15	18.74	2.90	28.50	-1.75	21.7	22.8	116	-5.7	1.8	6.0	116
 9	160215	5147.9057	10423.3846	1059.1	 604.1	 559	  894.8	 23.2	  894.2	 -3.0	309.62	14.97	5.15	18.74	2.88	28.25	-1.75	21.8	22.8	117	-5.5	1.7	5.8	117
 9	160315	5147.9079	10423.3886	1056.8	 601.8	 513	  894.9	 23.2	  894.5	 -3.0	284.96	14.96	5.15	18.73	2.88	28.50	-1.75	21.8	24.5	118	-5.4	1.4	5.6	118
 9	160415	5147.9042	10423.3925	1060.4	 605.4	 566	  894.7	 23.2	  894.3	 -3.0	290.44	14.96	5.16	18.74	2.87	28.50	-1.75	21.9	22.8	119	-5.5	1.6	5.8	119
 9	160616	5147.9033	10423.3853	1060.1	 605.1	 468	  894.4	 23.3	  894.0	 -3.1	298.66	14.97	5.15	18.74	2.91	28.75	-1.75	21.9	22.9	120	-5.3	1.8	5.6	120
 9	160716	5147.9033	10423.3893	1060.4	 605.4	 472	  894.6	 23.3	  894.2	 -3.1	279.48	14.97	5.16	18.74	2.90	28.75	-1.75	21.9	23.0	121	-5.4	1.9	5.7	121
 9	160816	5147.9041	10423.3883	1059.9	 604.9	 544	  894.5	 23.3	  894.2	 -3.1	282.22	14.97	5.15	18.73	2.90	28.75	-2.00	21.9	22.9	122	-5.8	1.3	5.9	122
 9	160916	5147.9022	10423.3974	1058.9	 603.9	 606	  894.5	 23.4	  894.1	 -3.1	282.22	14.96	5.16	18.74	2.90	28.50	-1.75	22.0	23.0	123	-6.1	1.8	6.3	123
 9	161116	5147.9078	10423.3959	1057.4	 602.4	 533	  894.6	 23.4	  894.2	 -3.1	268.52	14.97	5.16	18.74	2.87	28.75	-2.00	22.1	23.0	124	-6.1	1.8	6.4	124
 9	161216	5147.9109	10423.3771	1058.1	 603.1	 518	  894.6	 23.4	  894.2	 -3.1	268.52	14.97	5.16	18.74	2.90	28.75	-2.00	22.0	22.9	125	-5.9	1.4	6.0	125
 9	161317	5147.9104	10423.3787	1058.2	 603.2	 520	  894.5	 23.4	  894.2	 -3.1	268.52	14.97	5.16	18.73	2.90	28.75	-1.50	22.0	23.0	126	-6.0	1.5	6.1	126
 9	161427	5147.9150	10423.3775	1056.6	 601.6	 501	  894.8	 23.5	  894.4	 -3.2	265.78	14.97	5.16	18.75	2.91	29.00	-1.75	22.0	23.6	127	-5.8	1.1	5.9	127
 9	161618	5147.9135	10423.3887	1054.4	 599.4	 564	  894.8	 23.5	  894.6	 -3.3	263.04	14.96	5.16	18.74	2.87	28.75	-1.50	22.0	23.0	128	-6.1	1.2	6.2	128
 9	161718	5147.9145	10423.3866	1053.6	 598.6	 533	  894.7	 23.5	  894.6	 -3.3	263.04	14.97	5.15	18.73	2.88	28.75	-2.00	22.0	23.1	129	-6.2	1.3	6.4	129
 9	161828	5147.9183	10423.3823	1052.3	 597.3	 455	  894.9	 23.5	  894.6	 -3.2	260.30	14.96	5.16	18.74	2.90	29.00	-2.00	22.0	24.9	130	-6.2	1.6	6.5	130
 9	161928	5147.9182	10423.3932	1051.4	 596.4	 572	  895.0	 23.5	  894.7	 -3.3	271.26	14.96	5.16	18.74	2.94	29.00	-1.75	22.0	23.1	131	-6.4	1.2	6.5	131
 9	162119	5147.9165	10423.3864	1050.0	 595.0	 483	  894.8	 23.5	  894.2	 -3.2	271.26	14.96	5.16	18.74	2.91	29.00	-1.75	22.0	23.1	132	-6.4	2.1	6.8	132
 9	162228	5147.9168	10423.3859	1049.8	 594.8	 535	  894.9	 23.5	  894.5	 -3.2	252.08	14.97	5.16	18.74	2.90	28.75	-1.75	22.1	23.1	133	-6.5	0.8	6.5	133
 9	162328	5147.9171	10423.3841	1048.6	 593.6	 489	  894.8	 23.5	  894.5	 -3.2	276.74	14.97	5.16	18.74	2.90	28.75	-1.75	22.1	24.9	134	-6.7	1.5	6.8	134
 9	162428	5147.9170	10423.3866	1047.8	 592.8	 544	  894.9	 23.5	  894.5	 -3.2	268.52	14.96	5.15	18.74	2.96	28.75	-1.75	22.0	23.1	135	-7.0	1.3	7.2	135
 9	162629	5147.9179	10423.3874	1046.2	 591.2	 524	  895.0	 23.5	  894.8	 -3.2	254.82	14.96	5.15	18.74	2.96	29.00	-2.00	21.9	23.0	136	-6.9	1.1	7.0	136
 9	162729	5147.9178	10423.3867	1046.4	 591.4	 568	  894.7	 23.5	  894.6	 -3.2	265.78	14.97	5.16	18.74	2.91	28.75	-1.50	21.9	22.9	137	-7.1	1.5	7.2	137
 9	162829	5147.9221	10423.3791	1045.8	 590.8	 460	  895.0	 23.5	  894.9	 -3.2	254.82	14.96	5.15	18.75	2.90	28.75	-1.75	22.0	23.0	138	-6.9	2.0	7.2	138
 9	162929	5147.9273	10423.3896	1040.2	 585.2	 579	  895.6	 23.5	  894.9	 -3.3	249.34	14.97	5.15	18.74	2.94	28.75	-1.50	22.0	23.0	139	-7.7	1.3	7.8	139
 9	163130	5147.9316	10423.3872	1036.7	 581.7	 498	  895.7	 23.5	  895.4	 -3.4	243.86	14.97	5.15	18.74	2.96	29.00	-1.50	21.9	22.9	140	-8.5	2.0	8.7	140
 9	163230	5147.9275	10423.3916	1040.6	 585.6	 554	  895.3	 23.5	  895.1	 -3.4	252.08	14.97	5.15	18.74	2.94	29.00	-2.00	21.9	22.9	141	-8.2	1.3	8.3	141
 9	163330	5147.9285	10423.3959	1039.1	 584.1	 614	  895.6	 23.4	  895.4	 -3.4	235.64	14.96	5.16	18.74	2.91	29.00	-1.75	21.8	22.8	142	-8.4	2.1	8.6	142
 9	163430	5147.9315	10423.3983	1037.1	 582.1	 582	  895.9	 23.4	  895.6	 -3.4	246.60	14.96	5.15	18.73	2.90	28.75	-1.75	21.9	24.5	143	-8.6	1.7	8.8	143
 9	163631	5147.9289	10423.3930	1037.3	 582.3	 491	  895.5	 23.3	  895.4	 -3.4	276.74	14.97	5.15	18.74	2.88	28.75	-1.50	21.7	22.8	144	-8.6	2.2	8.9	144
 9	163731	5147.9258	10423.3803	1040.9	 585.9	 535	  895.1	 23.3	  894.8	 -3.4	265.78	14.97	5.16	18.74	2.85	28.75	-1.75	21.7	22.6	145	-8.3	1.1	8.4	145
 9	163831	5147.9276	10423.3887	1041.0	 586.0	 522	  895.4	 23.3	  895.4	 -3.4	238.38	14.96	5.16	18.74	2.91	28.75	-2.00	21.6	22.7	146	-7.4	2.2	7.7	146
 9	163931	5147.9288	10423.3943	1039.2	 584.2	 567	  895.5	 23.2	  895.2	 -3.4	249.34	14.97	5.16	18.74	2.87	28.75	-1.75	21.6	22.7	147	-8.4	2.1	8.6	147
 9	164132	5147.9220	10423.3868	1043.5	 588.5	 588	  894.8	 23.2	  894.5	 -3.4	252.08	14.97	5.15	18.74	2.88	28.50	-1.75	21.6	22.5	148	-8.1	0.8	8.1	148
 9	164232	5147.9234	10423.3842	1043.9	 588.9	 585	  895.1	 23.1	  894.6	 -3.4	249.34	14.97	5.15	18.74	2.96	28.25	-1.75	21.6	22.5	149	-7.6	1.3	7.7	149
 9	164332	5147.9252	10423.3864	1042.0	 587.0	 492	  895.4	 23.1	  894.9	 -3.4	235.64	14.97	5.15	18.74	2.93	28.25	-1.75	21.6	22.4	150	-7.9	1.5	8.1	150
 9	164432	5147.9240	10423.3875	1043.1	 588.1	 506	  895.0	 23.1	  894.5	 -3.4	243.86	14.97	5.15	18.75	2.87	28.25	-1.75	21.6	22.4	151	-8.0	1.6	8.2	151
 9	164633	5147.9238	10423.3927	1042.0	 587.0	 535	  895.3	 23.0	  894.8	 -3.5	238.38	14.97	5.15	18.74	2.88	28.75	-2.00	21.5	22.4	152	-7.9	1.9	8.1	152
 9	164733	5147.9257	10423.3934	1040.9	 585.9	 563	  895.3	 23.0	  895.1	 -3.5	238.38	14.97	5.15	18.74	2.85	28.50	-1.75	21.4	22.3	153	-8.1	1.7	8.3	153
 9	164833	5147.9269	10423.3886	1040.6	 585.6	 501	  895.1	 23.0	  894.7	 -3.5	227.42	14.97	5.15	18.75	2.90	28.50	-1.50	21.5	22.3	154	-8.1	1.8	8.3	154
 9	164933	5147.9238	10423.3887	1042.0	 587.0	 540	  895.0	 23.0	  894.6	 -3.5	238.38	14.96	5.16	18.74	2.85	28.25	-2.00	21.4	22.3	155	-7.4	1.4	7.5	155
 9	165134	5147.9251	10423.3941	1041.7	 586.7	 590	  895.3	 22.9	  894.6	 -3.6	243.86	14.96	5.15	18.74	2.93	28.25	-2.00	21.4	22.2	156	-8.3	1.4	8.4	156
 9	165234	5147.9255	10423.3955	1041.1	 586.1	 612	  895.5	 22.9	  894.8	 -3.5	260.30	14.97	5.15	18.74	2.88	28.25	-1.50	21.4	22.2	157	-8.2	2.0	8.5	157
 9	165334	5147.9281	10423.3935	1039.7	 584.7	 486	  895.5	 22.9	  894.8	 -3.5	224.68	14.97	5.16	18.74	2.94	28.50	-1.75	21.2	22.1	158	-8.0	2.1	8.2	158
 9	165434	5147.9266	10423.3960	1040.8	 585.8	 496	  895.2	 22.8	  894.7	 -3.5	235.64	14.97	5.16	18.74	2.90	28.50	-1.75	21.3	22.2	159	-7.9	1.8	8.1	159
 9	165632	5147.9238	10423.3874	1043.5	 588.5	 535	  895.2	 22.8	  894.5	 -3.5	238.38	14.97	5.15	18.74	2.91	28.00	-1.75	21.3	22.2	160	-7.7	1.2	7.8	160
 9	165736	5147.9260	10423.3923	1040.8	 585.8	 558	  895.3	 22.8	  894.6	 -3.5	235.64	14.96	5.16	18.74	2.90	28.50	-2.25	21.2	22.1	161	-8.0	1.4	8.2	161
 9	165837	5147.9174	10423.4009	1046.0	 591.0	 542	  894.8	 22.7	  894.1	 -3.4	221.94	14.96	5.15	18.75	2.88	28.25	-2.00	21.2	22.2	162	-7.8	2.9	8.3	162
 9	165937	5147.9185	10423.4041	1044.8	 589.8	 591	  894.9	 22.7	  894.3	 -3.5	221.94	14.97	5.15	18.75	2.85	28.25	-1.75	21.2	22.0	163	-8.2	1.8	8.4	163
 9	170138	5147.9181	10423.4096	1043.6	 588.6	 608	  894.9	 22.7	  894.4	 -3.5	238.38	14.96	5.15	18.73	2.91	28.00	-2.00	21.2	21.9	164	-8.1	1.7	8.3	164
 9	170238	5147.9215	10423.4188	1040.7	 585.7	 687	  895.5	 22.7	  894.7	 -3.5	238.38	14.97	5.15	18.74	2.93	28.00	-2.00	21.2	21.9	165	-8.4	1.7	8.6	165
 9	170338	5147.9234	10423.4218	1037.4	 582.4	 634	  895.5	 22.7	  895.0	 -3.4	227.42	14.97	5.16	18.74	2.87	28.00	-2.00	21.1	21.9	166	-8.7	1.5	8.8	166
 9	170438	5147.9168	10423.4221	1041.6	 586.6	 688	  895.2	 22.6	  894.5	 -3.3	213.72	14.97	5.16	18.74	2.90	28.00	-1.50	21.1	21.9	167	-7.9	2.0	8.1	167
 9	170639	5147.9208	10423.4174	1040.9	 585.9	 664	  895.2	 22.6	  894.6	 -3.2	235.64	14.96	5.16	18.74	2.88	27.75	-2.00	21.0	21.8	168	-8.1	2.1	8.4	168
 9	170739	5147.9186	10423.4219	1040.2	 585.2	 616	  895.1	 22.6	  894.5	 -3.2	232.90	14.97	5.15	18.74	2.93	28.00	-2.00	21.1	21.9	169	-7.5	1.9	7.7	169
 9	170840	5147.9123	10423.4306	1042.6	 587.6	 662	  895.0	 22.5	  894.4	 -3.1	230.16	14.97	5.15	18.74	2.91	28.00	-2.25	21.0	21.9	170	-7.4	1.2	7.5	170
 9	170940	5147.9116	10423.4296	1043.1	 588.1	 675	  894.9	 22.5	  894.4	 -3.0	260.30	14.97	5.15	18.75	2.87	28.00	-1.75	21.0	21.8	171	-7.3	1.2	7.4	171
 9	171141	5147.9106	10423.4301	1043.6	 588.6	 682	  894.7	 22.5	  894.1	 -2.9	246.60	14.96	5.15	18.74	2.85	28.00	-2.00	21.1	21.9	172	-6.5	1.2	6.6	172
 9	171241	5147.9064	10423.4230	1046.2	 591.2	 690	  894.3	 22.5	  893.6	 -2.8	243.86	14.97	5.15	18.74	2.90	27.75	-1.50	21.0	21.9	173	-6.4	1.1	6.5	173
 9	171341	5147.9032	10423.4288	1049.2	 594.2	 651	  894.5	 22.5	  894.1	 -2.7	232.90	14.97	5.15	18.74	2.87	28.00	-1.75	21.1	22.0	174	-6.3	1.5	6.4	174
 9	171441	5147.9007	10423.4347	1046.7	 591.7	 721	  894.3	 22.5	  894.0	 -2.7	235.64	14.96	5.16	18.74	2.90	28.00	-1.50	21.2	21.9	175	-6.1	1.4	6.2	175
 9	171642	5147.9010	10423.4183	1051.3	 596.3	 642	  894.0	 22.6	  893.7	 -2.6	241.12	14.97	5.15	18.74	2.93	28.25	-1.50	21.2	21.9	176	-5.8	1.8	6.1	176
 9	171742	5147.8991	10423.4183	1051.9	 596.9	 710	  893.9	 22.6	  893.8	 -2.5	243.86	14.97	5.15	18.74	2.91	27.75	-1.50	21.1	22.0	177	-5.7	0.9	5.7	177
 9	171842	5147.9029	10423.4159	1049.8	 594.8	 683	  894.1	 22.6	  893.8	 -2.5	232.90	14.96	5.15	18.74	2.90	27.75	-1.75	21.2	22.0	178	-5.7	1.6	5.9	178
 9	171952	5147.9045	10423.4042	1051.5	 596.5	 667	  893.7	 22.6	  893.5	 -2.4	238.38	14.96	5.16	18.74	2.94	28.00	-1.25	21.2	22.1	179	-5.6	1.1	5.7	179
 9	172143	5147.9022	10423.4068	1052.4	 597.4	 631	  893.8	 22.7	  893.8	 -2.4	238.38	14.96	5.15	18.74	2.88	28.00	-1.50	21.3	22.1	180	-5.7	1.5	5.9	180
 9	172243	5147.9063	10423.4060	1050.8	 595.8	 634	  893.7	 22.7	  893.6	 -2.5	224.68	14.97	5.15	18.75	2.91	27.75	-1.50	21.4	22.2	181	-5.8	1.3	6.0	181
 9	172353	5147.9008	10423.4122	1051.5	 596.5	 653	  893.7	 22.7	  893.5	 -2.5	227.42	14.96	5.16	18.74	2.90	28.25	-1.75	21.4	22.2	182	-5.5	1.2	5.6	182
 9	172453	5147.9015	10423.4103	1050.7	 595.7	 620	  893.7	 22.8	  893.7	 -2.5	238.38	14.96	5.15	18.74	2.87	28.25	-1.25	21.5	22.3	183	-5.5	1.6	5.7	183
 9	172634	5147.9018	10423.4009	1053.6	 598.6	 556	  893.4	 22.8	  893.2	 -2.5	224.68	14.97	5.15	18.74	2.93	28.00	-1.25	21.4	22.4	184	-5.5	1.0	5.6	184
 9	172754	5147.8984	10423.4076	1053.0	 598.0	 661	  893.4	 22.9	  893.2	 -2.5	235.64	14.96	5.16	18.74	2.90	28.25	-1.00	21.5	22.5	185	-5.6	1.4	5.7	185
 9	172854	5147.8993	10423.4109	1052.2	 597.2	 595	  893.5	 22.9	  893.5	 -2.5	221.94	14.96	5.15	18.74	2.93	28.25	-1.25	21.6	22.5	186	-5.4	1.7	5.6	186
 9	172954	5147.8994	10423.4103	1052.4	 597.4	 667	  893.4	 22.9	  893.4	 -2.5	227.42	14.97	5.15	18.73	2.91	28.25	-1.25	21.6	22.5	187	-5.5	1.7	5.8	187
 9	173155	5147.8975	10423.4101	1054.1	 599.1	 702	  893.3	 23.0	  893.2	 -2.5	219.20	14.97	5.16	18.74	2.96	28.25	-1.25	21.7	22.6	188	-5.5	2.0	5.8	188
 9	173255	5147.8968	10423.4106	1057.3	 602.3	 647	  893.2	 23.0	  893.2	 -2.6	219.20	14.97	5.15	18.74	2.93	28.25	-1.25	21.6	22.6	189	-5.5	1.2	5.6	189
 9	173355	5147.8965	10423.4119	1057.6	 602.6	 583	  893.2	 23.1	  893.0	 -2.7	213.72	14.97	5.15	18.74	2.85	28.75	-1.25	21.7	22.6	190	-5.4	1.6	5.7	190
 9	173455	5147.8999	10423.4141	1055.2	 600.2	 667	  893.4	 23.1	  893.3	 -2.8	200.02	14.96	5.16	18.75	2.87	28.75	-1.25	21.8	22.7	191	-5.3	1.3	5.5	191
 9	173656	5147.8995	10423.4076	1055.8	 600.8	 591	  893.1	 23.2	  892.9	 -2.7	205.50	14.97	5.16	18.74	2.85	28.50	-1.00	21.9	22.8	192	-5.3	1.9	5.6	192
 9	173756	5147.9012	10423.4041	1055.4	 600.4	 656	  893.2	 23.2	  892.9	 -2.8	202.76	14.96	5.15	18.74	2.88	28.50	-1.25	21.9	22.7	193	-5.2	1.5	5.4	193
 9	173856	5147.9003	10423.4021	1056.0	 601.0	 607	  893.1	 23.3	  893.1	 -2.7	205.50	14.97	5.16	18.74	2.93	28.50	-1.25	21.9	22.9	194	-5.3	0.9	5.4	194
 9	173956	5147.9011	10423.3975	1054.1	 599.1	 551	  892.9	 23.3	  892.8	 -2.7	202.76	14.97	5.15	18.74	2.85	28.75	-1.25	21.9	22.9	195	-5.5	0.9	5.5	195
 9	174157	5147.9028	10423.4044	1054.0	 599.0	 612	  893.2	 23.4	  893.1	 -2.8	202.76	14.97	5.16	18.74	2.91	28.50	-1.25	22.0	22.9	196	-5.4	1.2	5.5	196
 9	174257	5147.9023	10423.3956	1056.5	 601.5	 568	  892.8	 23.4	  892.7	 -2.8	202.76	14.97	5.15	18.73	2.90	29.00	-1.25	22.0	23.1	197	-5.2	1.8	5.5	197
 9	174357	5147.8980	10423.3960	1056.5	 601.5	 577	  892.6	 23.5	  892.5	 -2.7	200.02	14.97	5.15	18.74	2.90	28.50	-1.25	22.1	23.0	198	-4.9	1.9	5.2	198
 9	174457	5147.8970	10423.3976	1057.4	 602.4	 581	  892.6	 23.5	  892.6	 -2.7	202.76	14.97	5.16	18.74	2.88	28.75	-1.25	22.1	23.1	199	-4.9	1.3	5.1	199
 9	174658	5147.8967	10423.3995	1058.5	 603.5	 678	  892.6	 23.6	  892.7	 -2.7	191.80	14.97	5.16	18.74	2.88	29.00	-1.25	22.2	23.3	200	-5.0	1.7	5.3	200
 9	174758	5147.8969	10423.3997	1058.4	 603.4	 563	  892.9	 23.6	  892.9	 -2.7	197.28	14.97	5.15	18.74	2.88	28.50	-1.25	22.3	23.3	201	-5.2	1.5	5.4	201
 9	174858	5147.8976	10423.3992	1058.2	 603.2	 564	  892.9	 23.7	  893.2	 -2.6	191.80	14.97	5.15	18.74	2.93	28.75	-1.00	22.2	23.2	202	-5.2	1.0	5.3	202
 9	174958	5147.8986	10423.3976	1057.4	 602.4	 533	  893.0	 23.7	  892.9	 -2.6	191.80	14.97	5.15	18.74	2.91	29.25	-1.25	22.3	25.1	203	-5.2	1.6	5.4	203
 9	175159	5147.9045	10423.3901	1058.2	 603.2	 564	  892.9	 23.8	  893.0	 -2.5	191.80	14.97	5.16	18.74	2.88	29.00	-1.25	22.4	23.4	204	-5.3	1.2	5.4	204
 9	175259	5147.9034	10423.3950	1059.9	 604.9	 554	  892.9	 23.8	  893.0	 -2.5	200.02	14.97	5.16	18.73	2.91	29.00	-1.00	22.4	23.5	205	-5.2	1.2	5.3	205
 9	175359	5147.9027	10423.3990	1059.0	 604.0	 558	  892.9	 23.8	  892.7	 -2.5	197.28	14.97	5.16	18.74	2.84	29.25	-1.25	22.5	23.5	206	-5.1	1.0	5.2	206
 9	175459	5147.9033	10423.3967	1058.7	 603.7	 516	  893.1	 23.9	  892.9	 -2.5	186.32	14.97	5.16	18.73	2.87	29.25	-1.25	22.5	23.6	207	-5.4	1.1	5.5	207
 9	175700	5147.9008	10423.4033	1060.3	 605.3	 584	  892.8	 24.0	  892.7	 -2.4	191.80	14.97	5.15	18.73	2.90	29.50	-1.00	22.5	23.7	208	-5.1	1.2	5.2	208
 9	175800	5147.8949	10423.4027	1061.7	 606.7	 598	  892.7	 24.0	  892.6	 -2.5	183.58	14.96	5.15	18.73	2.84	29.00	-1.25	22.5	23.6	209	-4.8	1.3	5.0	209
 9	175900	5147.8950	10423.4017	1062.4	 607.4	 601	  892.7	 24.0	  892.5	 -2.5	183.58	14.97	5.15	18.73	2.87	29.00	-1.00	22.7	23.7	210	-5.0	1.1	5.1	210
 9	180000	5147.8951	10423.4022	1062.3	 607.3	 626	  892.8	 24.1	  892.5	 -2.6	189.06	14.97	5.15	18.72	2.88	29.25	-1.50	22.7	23.8	211	-5.2	1.2	5.3	211
 9	180201	5147.8878	10423.3961	1066.1	 611.1	 534	  892.2	 24.1	  892.1	 -2.8	175.36	14.96	5.15	18.72	2.93	29.75	-1.25	22.8	23.8	212	-4.5	1.1	4.7	212
 9	180301	5147.8900	10423.3958	1064.4	 609.4	 505	  892.3	 24.2	  891.9	 -2.8	169.88	14.97	5.15	18.72	2.88	29.00	-1.00	22.8	23.8	213	-4.6	1.0	4.7	213
 9	180401	5147.8894	10423.3962	1065.5	 610.5	 583	  892.3	 24.2	  891.9	 -2.9	167.14	14.96	5.16	18.72	2.88	29.50	-1.25	22.8	23.9	214	-4.5	1.5	4.7	214
 9	180500	5147.8917	10423.3992	1063.3	 608.3	 548	  892.4	 24.3	  892.1	 -3.0	167.14	14.97	5.15	18.72	2.87	29.50	-1.00	22.9	24.1	215	-4.8	1.2	4.9	215
 9	180701	5147.8922	10423.3969	1063.1	 608.1	 612	  892.5	 24.3	  892.1	 -3.1	158.92	14.97	5.16	18.72	2.87	29.75	-1.25	23.0	24.0	216	-4.7	1.5	4.9	216
 9	180801	5147.8918	10423.3988	1063.2	 608.2	 634	  892.6	 24.4	  892.1	 -3.1	169.88	14.96	5.15	18.72	2.91	29.50	-1.25	23.1	24.1	217	-4.8	1.5	5.0	217
 9	180901	5147.8919	10423.4024	1062.5	 607.5	 581	  892.5	 24.4	  892.0	 -3.1	167.14	14.97	5.15	18.72	2.93	29.25	-1.50	23.0	24.1	218	-5.0	1.2	5.1	218
 9	181011	5147.8878	10423.4092	1062.7	 607.7	 634	  892.6	 24.5	  892.0	 -3.1	161.66	14.97	5.15	18.71	2.99	29.75	-1.25	23.0	24.1	219	-4.9	1.2	5.1	219
 9	181202	5147.8875	10423.4091	1062.7	 607.7	 621	  892.4	 24.5	  892.0	 -3.1	156.18	14.97	5.16	18.72	2.85	29.50	-1.50	23.2	24.2	220	-4.8	1.6	5.1	220
 9	181302	5147.8848	10423.4207	1061.7	 606.7	 634	  892.6	 24.6	  892.0	 -3.2	164.40	14.96	5.15	18.71	2.90	29.75	-1.50	23.1	24.2	221	-5.0	1.6	5.3	221
 9	181412	5147.8794	10423.4243	1062.7	 607.7	 662	  892.5	 24.6	  891.8	 -3.1	161.66	14.96	5.16	18.71	2.91	29.75	-1.25	23.1	24.2	222	-5.2	1.3	5.4	222
 9	181512	5147.8786	10423.4279	1062.1	 607.1	 745	  892.6	 24.6	  891.9	 -3.2	158.92	14.96	5.16	18.72	2.90	30.00	-1.25	23.3	24.4	223	-5.1	1.2	5.3	223
 9	181703	5147.8748	10423.4332	1062.1	 607.1	 744	  892.5	 24.7	  892.0	 -3.2	167.14	14.96	5.16	18.73	2.87	30.00	-1.25	23.3	24.4	224	-5.0	1.5	5.3	224
 9	181813	5147.8723	10423.4246	1063.9	 608.9	 758	  892.2	 24.7	  891.6	 -3.2	161.66	14.97	5.15	18.72	2.93	29.75	-1.25	23.3	24.4	225	-4.7	1.0	4.8	225
 9	181913	5147.8675	10423.4233	1066.1	 611.1	 746	  892.1	 24.7	  891.5	 -3.3	158.92	14.96	5.15	18.72	2.88	30.00	-1.25	23.2	24.4	226	-4.7	1.2	4.8	226
 9	182013	5147.8634	10423.4298	1065.5	 610.5	 791	  892.1	 24.8	  891.6	 -3.3	153.44	14.96	5.15	18.72	2.93	30.00	-1.25	23.4	24.5	227	-4.6	1.2	4.7	227
 9	182214	5147.8628	10423.4299	1066.4	 611.4	 888	  892.3	 24.8	  891.8	 -3.4	147.96	14.96	5.16	18.72	2.90	30.25	-1.50	23.5	24.6	228	-4.5	1.7	4.8	228
 9	182314	5147.8629	10423.4152	1068.1	 613.1	 706	  891.9	 24.9	  891.2	 -3.5	147.96	14.96	5.16	18.71	2.91	30.00	-1.50	23.5	26.4	229	-4.3	1.4	4.5	229
 9	182414	5147.8593	10423.4151	1069.1	 614.1	 905	  891.8	 24.9	  891.2	 -3.6	147.96	14.96	5.15	18.71	2.84	29.75	-1.75	23.5	24.7	230	-4.2	1.7	4.6	230
 9	182514	5147.8652	10423.4217	1066.3	 611.3	 806	  892.2	 25.0	  891.7	 -3.7	142.48	14.97	5.15	18.72	2.88	30.25	-1.50	23.6	24.7	231	-4.6	1.6	4.8	231
 9	182715	5147.8748	10423.4155	1066.3	 611.3	 729	  892.3	 25.0	  891.6	 -3.7	139.74	14.96	5.15	18.71	2.90	29.75	-1.50	23.5	24.7	232	-4.6	1.5	4.9	232
 9	182815	5147.8768	10423.4182	1063.7	 608.7	 708	  892.4	 25.1	  891.8	 -3.7	139.74	14.97	5.15	18.71	2.88	30.00	-1.50	23.6	24.8	233	-5.0	1.1	5.1	233
 9	182915	5147.8821	10423.4286	1059.0	 604.0	 724	  893.0	 25.1	  892.3	 -3.7	137.00	14.96	5.16	18.71	2.90	30.25	-1.75	23.5	24.8	234	-4.8	1.6	5.1	234
 9	183015	5147.8870	10423.4229	1058.6	 603.6	 530	  893.0	 25.1	  892.2	 -3.7	137.00	14.96	5.15	18.71	2.88	30.25	-1.75	23.6	24.8	235	-5.6	1.7	5.8	235
 9	183216	5147.8915	10423.4242	1058.6	 603.6	 832	  893.0	 25.2	  892.3	 -3.7	139.74	14.96	5.16	18.72	2.88	30.25	-1.75	23.6	24.9	236	-5.3	1.4	5.5	236
 9	183316	5147.8901	10423.4218	1059.8	 604.8	 712	  893.0	 25.2	  892.4	 -3.7	142.48	14.97	5.16	18.71	2.88	30.50	-1.50	23.8	24.9	237	-6.2	1.4	6.4	237
 9	183416	5147.8850	10423.4216	1061.7	 606.7	 598	  892.8	 25.2	  892.1	 -3.8	139.74	14.96	5.15	18.71	2.88	30.50	-1.75	23.7	24.8	238	-6.1	1.3	6.2	238
 9	183516	5147.8877	10423.4424	1054.9	 599.9	 816	  893.5	 25.2	  892.8	 -3.8	145.22	14.97	5.16	18.71	2.88	30.50	-2.00	23.7	24.9	239	-5.8	1.4	6.0	239
 9	183717	5147.8724	10423.4806	1049.6	 594.6	 900	  894.1	 25.2	  893.2	 -3.9	139.74	14.96	5.15	18.71	2.96	30.25	-1.50	23.6	24.8	240	-8.0	2.8	8.5	240
 9	183817	5147.8767	10423.4784	1049.4	 594.4	 645	  894.0	 25.2	  893.2	 -3.9	142.48	14.97	5.15	18.72	2.93	30.50	-2.00	23.6	24.7	241	-9.1	0.9	9.1	241
 9	183917	5147.8834	10423.4734	1047.4	 592.4	 778	  893.9	 25.2	  893.5	 -3.9	161.66	14.97	5.16	18.71	2.90	30.50	-1.75	23.5	24.7	242	-8.4	2.7	8.8	242
 9	184017	5147.8790	10423.4822	1046.1	 591.1	 833	  894.5	 25.1	  893.8	 -3.9	145.22	14.97	5.16	18.71	2.96	30.25	-2.00	23.6	24.6	243	-9.3	0.4	9.3	243
 9	184218	5147.8791	10423.4741	1050.9	 595.9	 946	  893.7	 25.1	  893.0	 -3.9	194.54	14.96	5.16	18.71	2.90	30.50	-2.00	23.4	24.5	244	-9.2	3.8	10.0	244
 9	184318	5147.8710	10423.4671	1054.5	 599.5	 960	  893.2	 25.1	  892.7	 -3.9	139.74	14.96	5.16	18.71	2.87	30.50	-2.25	23.3	24.4	245	-8.8	1.3	8.9	245
 9	184418	5147.8794	10423.4669	1052.1	 597.1	 777	  893.5	 25.0	  892.9	 -4.1	145.22	14.97	5.16	18.72	2.88	30.50	-2.00	23.2	24.5	246	-7.2	2.0	7.5	246
 9	184518	5147.8799	10423.4677	1050.8	 595.8	 841	  893.5	 25.0	  893.2	 -4.2	139.74	14.97	5.16	18.72	2.90	30.25	-2.00	23.4	24.4	247	-6.2	0.9	6.3	247
 9	184719	5147.8748	10423.4790	1049.4	 594.4	1056	  893.5	 24.9	  893.2	 -4.3	169.88	14.96	5.16	18.72	2.90	30.25	-2.00	23.2	24.3	248	-10.3	1.3	10.4	248
 9	184819	5147.8845	10423.4841	1043.0	 588.0	 595	  894.2	 24.9	  893.6	 -4.3	169.88	14.97	5.16	18.72	2.90	30.25	-2.25	23.1	24.1	249	-6.9	0.2	6.9	249
 9	184919	5147.8812	10423.4846	1045.5	 590.5	 936	  894.1	 24.8	  893.7	 -4.2	167.14	14.96	5.16	18.71	2.88	30.50	-2.25	23.1	24.1	250	-10.2	1.4	10.3	250
 9	185019	5147.8836	10423.4852	1045.1	 590.1	 900	  893.9	 24.8	  893.7	 -4.1	153.44	14.96	5.15	18.72	2.88	30.25	-2.00	23.0	25.9	251	-9.4	2.7	9.8	251
 9	185220	5147.8766	10423.4975	1042.3	 587.3	 971	  894.3	 24.7	  894.0	 -3.8	167.14	14.96	5.15	18.72	2.91	30.25	-2.00	22.9	23.8	252	-10.5	0.1	10.5	252
 9	185320	5147.8823	10423.4938	1042.3	 587.3	 954	  894.3	 24.6	  893.6	 -3.7	153.44	14.96	5.16	18.72	2.85	29.75	-2.25	22.8	23.7	253	-10.7	1.8	10.8	253
 9	185420	5147.8875	10423.4988	1037.4	 582.4	 966	  894.6	 24.5	  894.2	 -3.7	153.44	14.97	5.16	18.72	2.90	30.00	-2.25	22.8	23.7	254	-10.2	1.2	10.3	254
 9	185520	5147.8882	10423.4944	1039.4	 584.4	 945	  894.5	 24.5	  894.0	 -3.7	167.14	14.97	5.15	18.72	2.90	30.00	-2.25	22.7	23.6	255	-10.8	1.2	10.8	255
 9	185721	5147.8889	10423.4820	1044.5	 589.5	 933	  894.4	 24.3	  893.9	 -3.7	147.96	14.96	5.15	18.71	2.93	29.50	-2.00	22.6	23.4	256	-10.2	2.6	10.5	256
 9	185821	5147.8830	10423.4883	1043.3	 588.3	1050	  893.7	 24.3	  893.2	 -3.8	139.74	14.97	5.16	18.72	2.91	29.50	-2.25	22.4	23.4	257	-8.6	3.1	9.1	257
 9	185921	5147.8927	10423.4832	1041.0	 586.0	 925	  894.1	 24.2	  893.8	 -3.8	172.62	14.97	5.16	18.72	2.85	29.75	-2.00	22.5	23.3	258	-9.4	0.6	9.4	258
 9	190031	5147.8873	10423.4809	1044.1	 589.1	 936	  893.6	 24.1	  893.1	 -3.8	186.32	14.96	5.16	18.72	2.88	29.75	-2.00	22.5	23.2	259	-8.5	-0.5	8.5	259
 9	190222	5147.8975	10423.4836	1037.7	 582.7	 933	  894.0	 24.0	  893.5	 -4.1	194.54	14.97	5.16	18.72	2.88	29.25	-2.25	22.4	23.1	260	-9.3	1.4	9.4	260
 9	190322	5147.8915	10423.4768	1043.4	 588.4	 900	  893.7	 24.0	  893.5	 -4.2	137.00	14.97	5.15	18.72	2.87	29.25	-2.25	22.2	23.1	261	-9.1	2.9	9.6	261
 9	190432	5147.8891	10423.4798	1044.7	 589.7	 935	  893.5	 23.9	  893.5	 -4.3	142.48	14.97	5.15	18.71	2.90	29.25	-2.00	22.2	23.0	262	-9.6	3.3	10.1	262
 9	190532	5147.8879	10423.4695	1049.0	 594.0	 975	  893.2	 23.9	  893.0	 -4.3	126.04	14.96	5.16	18.72	2.88	29.25	-2.25	22.1	22.9	263	-8.9	1.1	8.9	263
 9	190723	5147.8940	10423.4770	1044.4	 589.4	 836	  893.4	 23.8	  893.5	 -4.3	134.26	14.96	5.15	18.72	2.93	29.25	-2.00	22.1	22.9	264	-7.5	1.2	7.6	264
 9	190833	5147.8844	10423.4705	1049.3	 594.3	1050	  892.8	 23.8	  892.7	 -4.5	158.92	14.96	5.15	18.72	2.88	29.25	-2.25	22.0	22.9	265	-8.4	1.2	8.5	265
 9	190933	5147.8751	10423.4760	1050.5	 595.5	1018	  892.6	 23.7	  892.3	 -4.7	161.66	14.96	5.15	18.72	2.93	29.25	-2.25	22.0	22.8	266	-8.6	-0.9	8.6	266
 9	191033	5147.8830	10423.4932	1044.3	 589.3	 867	  893.6	 23.7	  893.2	 -4.7	180.84	14.96	5.15	18.72	2.87	29.00	-2.25	21.8	22.7	267	-9.2	1.0	9.3	267
 9	191234	5147.8874	10423.4920	1041.9	 586.9	1063	  893.7	 23.6	  893.5	 -4.7	142.48	14.97	5.15	18.72	2.90	29.00	-2.25	21.8	22.5	268	-9.9	1.4	10.0	268
 9	191334	5147.8815	10423.4889	1047.4	 592.4	 786	  893.3	 23.5	  893.1	 -4.8	167.14	14.96	5.16	18.71	2.90	29.00	-2.50	21.8	22.6	269	-9.3	1.8	9.4	269
 9	191434	5147.8843	10423.4819	1047.7	 592.7	 993	  893.1	 23.5	  892.7	 -4.8	172.62	14.97	5.16	18.71	2.91	29.00	-2.75	21.7	22.4	270	-8.8	0.9	8.9	270
 9	191534	5147.8892	10423.4830	1045.3	 590.3	 964	  893.4	 23.4	  893.1	 -4.9	142.48	14.96	5.16	18.70	2.93	29.00	-2.25	21.7	22.3	271	-8.8	1.4	8.9	271
 9	191735	5147.8892	10423.4794	1046.3	 591.3	 921	  893.3	 23.3	  892.8	 -4.9	109.60	14.97	5.16	18.69	2.90	29.00	-2.50	21.6	22.3	272	-7.9	0.7	7.9	272
 9	191835	5147.8857	10423.4668	1052.4	 597.4	1050	  892.6	 23.3	  892.1	 -5.1	128.78	14.97	5.15	18.70	2.90	28.75	-2.75	21.6	22.3	273	-8.0	1.3	8.1	273
 9	191935	5147.8802	10423.4787	1050.6	 595.6	 884	  893.0	 23.2	  892.6	 -5.2	115.08	14.97	5.15	18.70	2.85	28.50	-2.75	21.5	22.2	274	-7.6	3.2	8.2	274
 9	192035	5147.8780	10423.4820	1049.1	 594.1	 998	  892.9	 23.2	  892.5	 -5.2	104.12	14.96	5.15	18.70	2.90	28.50	-3.00	21.5	22.3	275	-7.3	0.7	7.4	275
 9	192236	5147.8849	10423.4893	1045.3	 590.3	1109	  893.5	 23.1	  892.8	 -5.2	112.34	14.97	5.16	18.70	2.84	28.50	-2.75	21.4	22.2	276	-7.8	1.3	7.9	276
 9	192336	5147.8822	10423.4897	1049.3	 594.3	1067	  893.4	 23.1	  892.9	 -5.3	137.00	14.96	5.16	18.68	2.94	28.50	-2.75	21.3	22.1	277	-7.8	-0.5	7.8	277
 9	192436	5147.8895	10423.4905	1045.1	 590.1	 916	  893.7	 23.0	  893.3	 -5.3	106.86	14.97	5.16	18.69	2.91	28.25	-2.75	21.3	22.1	278	-7.9	1.8	8.1	278
 9	192536	5147.8815	10423.4802	1052.7	 597.7	 955	  893.0	 23.0	  892.6	 -5.5	112.34	14.96	5.16	18.69	2.91	28.50	-3.00	21.2	22.1	279	-7.9	0.8	7.9	279
 9	192737	5147.8803	10423.4735	1054.1	 599.1	 864	  892.6	 23.0	  892.1	 -5.7	95.90	14.97	5.15	18.69	2.93	28.25	-3.25	21.2	22.0	280	-8.6	0.3	8.6	280
 9	192837	5147.8703	10423.4755	1058.6	 603.6	 951	  892.2	 22.9	  892.1	 -5.7	126.04	14.96	5.16	18.69	2.88	28.25	-3.00	21.1	22.0	281	-6.5	2.4	7.0	281
 9	192937	5147.8687	10423.4931	1053.2	 598.2	1286	  893.1	 22.9	  892.7	 -5.7	134.26	14.97	5.16	18.68	2.88	28.25	-3.25	21.1	21.9	282	-9.3	1.7	9.5	282
 9	193037	5147.8656	10423.4918	1053.6	 598.6	1219	  892.8	 22.8	  892.2	 -5.7	142.48	14.96	5.16	18.69	2.88	28.00	-3.25	21.1	21.9	283	-7.7	1.0	7.7	283
 9	193238	5147.8888	10423.4741	1048.0	 593.0	 687	  893.1	 22.8	  892.5	 -5.8	82.20	14.96	5.15	18.69	2.87	28.00	-3.25	21.0	21.8	284	-7.3	-1.0	7.3	284
 9	193338	5147.8997	10423.4578	1046.0	 591.0	 917	  892.9	 22.7	  892.6	 -6.0	93.16	14.96	5.15	18.69	2.88	28.25	-3.25	21.1	21.8	285	-6.8	-0.6	6.8	285
 9	193438	5147.8637	10423.4601	1060.2	 605.2	1146	  891.7	 22.7	  891.1	 -6.2	106.86	14.97	5.16	18.69	2.91	28.00	-3.50	20.9	21.9	286	-5.8	0.5	5.8	286
 9	193538	5147.8626	10423.4663	1058.4	 603.4	1075	  892.0	 22.7	  891.0	 -6.4	106.86	14.97	5.15	18.69	2.87	27.75	-3.50	21.1	21.8	287	-7.3	1.7	7.5	287
 9	193739	5147.8626	10423.4595	1058.5	 603.5	1193	  891.9	 22.7	  891.0	 -6.6	95.90	14.96	5.15	18.69	2.88	28.25	-3.75	21.0	21.8	288	-5.1	-0.4	5.2	288
 9	193839	5147.8796	10423.4537	1057.5	 602.5	 926	  892.0	 22.7	  891.1	 -6.5	98.64	14.97	5.15	18.70	2.90	27.75	-3.75	20.9	21.8	289	-6.1	0.4	6.1	289
 9	193938	5147.8742	10423.4651	1055.7	 600.7	 837	  892.2	 22.6	  891.7	 -6.4	90.42	14.97	5.16	18.68	2.93	27.75	-4.00	21.0	21.7	290	-6.4	-0.0	6.4	290
 9	194038	5147.8689	10423.4792	1052.5	 597.5	 936	  892.3	 22.6	  891.9	 -6.3	104.12	14.97	5.16	18.70	2.91	28.00	-3.75	21.0	21.8	291	-7.5	-1.3	7.6	291
 9	194239	5147.8762	10423.4633	1056.6	 601.6	 972	  892.0	 22.6	  891.3	 -6.3	117.82	14.97	5.16	18.69	2.91	28.25	-3.75	20.9	21.7	292	-7.1	2.5	7.5	292
 9	194339	5147.8688	10423.4808	1052.0	 597.0	1070	  892.6	 22.6	  892.0	 -6.2	90.42	14.97	5.15	18.68	2.90	27.75	-3.75	20.8	21.6	293	-9.6	2.3	9.9	293
 9	194439	5147.8566	10423.4966	1052.0	 597.0	 954	  893.0	 22.5	  892.8	 -6.0	117.82	14.97	5.16	18.69	2.90	27.75	-4.00	20.8	21.6	294	-8.8	1.2	8.9	294
 9	194539	5147.8492	10423.5213	1041.0	 586.0	1168	  894.6	 22.5	  893.9	 -5.6	79.46	14.96	5.15	18.69	2.88	27.75	-4.00	20.7	21.4	295	-9.6	0.1	9.6	295
 9	194740	5147.8784	10423.5159	1033.9	 578.9	 911	  894.1	 22.4	  893.4	 -5.2	131.52	14.97	5.15	18.69	2.93	27.75	-3.75	20.6	21.4	296	-7.6	0.5	7.6	296
 9	194840	5147.8781	10423.5007	1042.7	 587.7	 772	  893.3	 22.3	  892.8	 -5.2	104.12	14.97	5.15	18.69	2.88	27.75	-4.00	20.5	21.4	297	-9.1	0.8	9.2	297
 9	194940	5147.8836	10423.4826	1046.7	 591.7	 953	  892.7	 22.3	  891.9	 -5.3	147.96	14.97	5.15	18.68	2.91	27.75	-3.75	20.5	21.3	298	-7.5	0.7	7.5	298
 9	195050	5147.8709	10423.4778	1054.3	 599.3	1034	  892.4	 22.3	  891.9	 -5.5	109.60	14.96	5.16	18.69	2.84	27.50	-3.75	20.6	21.3	299	-9.3	-0.6	9.3	299
 9	195241	5147.8830	10423.4832	1048.3	 593.3	 972	  892.8	 22.2	  892.3	 -5.4	120.56	14.97	5.15	18.69	2.87	27.50	-3.75	20.5	21.2	300	-8.3	-0.6	8.3	300
 9	195341	5147.8796	10423.4927	1045.6	 590.6	1115	  893.4	 22.2	  892.7	 -5.4	123.30	14.97	5.15	18.69	2.88	27.75	-3.50	20.4	21.2	301	-9.2	1.6	9.3	301
 9	195451	5147.8628	10423.4983	1048.4	 593.4	1398	  892.6	 22.1	  892.2	 -5.6	126.04	14.97	5.15	18.69	2.91	27.50	-3.50	20.4	21.2	302	-8.0	1.3	8.1	302
 9	195551	5147.8681	10423.4869	1050.1	 595.1	1036	  892.4	 22.1	  892.1	 -5.7	139.74	14.97	5.16	18.69	2.93	27.75	-4.00	20.3	21.1	303	-10.1	1.6	10.2	303
 9	195742	5147.8970	10423.5228	1024.1	 569.1	 905	  894.6	 22.1	  893.7	 -5.0	150.70	14.97	5.16	18.67	2.99	27.50	-3.75	20.2	21.1	304	-6.4	-1.3	6.6	304
 9	195852	5147.8962	10423.4500	1050.5	 595.5	 441	  891.8	 22.0	  891.3	 -5.2	117.82	14.97	5.15	18.67	2.90	27.50	-3.50	20.2	21.1	305	-6.8	-0.6	6.8	305
 9	195952	5147.8811	10423.4672	1050.2	 595.2	 486	  892.0	 22.0	  892.0	 -5.8	109.60	14.97	5.15	18.66	2.98	27.50	-3.75	20.2	22.8	306	-6.3	-0.2	6.3	306
 9	200052	5147.8735	10423.4718	1053.2	 598.2	 881	  891.9	 22.0	  891.5	 -6.3	117.82	14.97	5.15	18.67	2.90	27.50	-3.75	20.2	21.1	307	-12.5	1.5	12.6	307
 9	200253	5147.8835	10423.5073	1036.8	 581.8	1043	  893.6	 22.0	  893.3	 -6.0	147.96	14.97	5.16	18.66	3.05	27.75	-3.75	20.0	22.7	308	-10.4	-1.2	10.5	308
 9	200353	5147.8912	10423.5095	1033.1	 578.1	 915	  894.1	 22.0	  894.2	 -5.7	131.52	14.97	5.15	18.67	2.93	27.50	-3.50	19.9	21.0	309	-9.6	0.7	9.6	309
 9	200453	5147.8914	10423.4792	1045.3	 590.3	 942	  892.7	 22.1	  892.6	 -5.7	93.16	14.97	5.15	18.70	2.62	28.00	-3.75	19.7	21.0	310	-9.0	0.3	9.0	310
 9	200553	5147.8943	10423.4823	1042.2	 587.2	1165	  893.3	 22.1	  893.1	 -5.8	101.38	14.97	5.15	18.70	2.65	28.00	-3.75	19.6	21.1	311	-4.7	2.7	5.4	311
 9	200754	5147.8758	10423.4821	1049.4	 594.4	 990	  892.3	 22.2	  892.1	 -6.1	98.64	14.97	5.15	18.70	2.64	28.00	-3.75	19.4	20.9	312	-10.3	0.2	10.3	312
 9	200854	5147.8878	10423.4891	1043.1	 588.1	1146	  893.1	 22.2	  892.8	 -5.9	112.34	14.96	5.15	18.70	2.64	28.00	-4.00	19.2	21.0	313	-9.7	0.1	9.7	313
 9	200954	5147.8922	10423.4898	1040.9	 585.9	 996	  893.3	 22.3	  892.9	 -5.6	93.16	14.97	5.16	18.70	2.62	28.25	-3.75	19.0	21.1	314	-8.2	0.2	8.2	314
 9	201054	5147.8932	10423.4804	1042.2	 587.2	1123	  893.0	 22.4	  892.6	 -5.5	112.34	14.97	5.16	18.66	3.10	28.50	-3.75	18.8	21.0	315	-7.8	1.4	7.9	315
 9	201255	5147.8877	10423.4811	1044.8	 589.8	 923	  892.9	 22.5	  892.5	 -5.4	131.52	14.96	5.15	18.67	2.98	28.50	-3.75	18.6	21.0	316	-9.0	1.2	9.1	316
 9	201355	5147.8900	10423.4904	1040.6	 585.6	1034	  893.5	 22.5	  892.7	 -5.2	98.64	14.96	5.16	18.70	2.62	28.25	-3.75	18.4	20.9	317	-9.3	-0.1	9.3	317
 9	201455	5147.8814	10423.4916	1042.6	 587.6	 944	  892.8	 22.5	  891.8	 -5.1	134.26	14.97	5.15	18.70	2.62	28.25	-4.00	18.4	21.0	318	-8.1	-0.6	8.1	318
 9	201555	5147.8932	10423.4771	1043.4	 588.4	 848	  892.8	 22.6	  891.9	 -5.0	145.22	14.97	5.15	18.70	2.67	28.25	-3.75	18.2	20.9	319	-8.1	-1.7	8.3	319
 9	201756	5147.8891	10423.4684	1046.7	 591.7	 952	  892.5	 22.7	  891.7	 -5.1	93.16	14.96	5.15	18.70	2.64	28.50	-3.75	18.1	21.0	320	-5.1	0.0	5.1	320
 9	201856	5147.9077	10423.3791	1058.4	 603.4	 539	  891.1	 22.6	  890.6	 -5.6	104.12	14.97	5.16	18.67	2.94	28.25	-3.75	18.4	21.0	321	-4.9	0.3	4.9	321
 9	201956	5147.8866	10423.4374	1058.5	 603.5	 649	  891.3	 22.5	  890.6	 -6.3	68.50	14.97	5.15	18.66	3.05	27.75	-3.50	18.5	21.0	322	-4.9	1.1	5.0	322
 9	202056	5147.8753	10423.4754	1050.5	 595.5	 919	  892.2	 22.4	  891.1	 -6.7	104.12	14.97	5.15	18.66	3.04	28.25	-3.75	18.6	21.0	323	-9.6	-1.6	9.8	323
 9	202257	5147.8746	10423.4953	1044.0	 589.0	1041	  893.1	 22.6	  892.7	 -5.8	109.60	14.97	5.15	18.70	2.62	28.75	-4.25	18.3	21.0	324	-9.7	0.9	9.7	324
 9	202357	5147.8898	10423.4804	1043.2	 588.2	1006	  892.8	 22.8	  892.2	 -5.4	93.16	14.97	5.15	18.70	2.67	29.00	-4.00	18.2	21.0	325	-7.8	3.1	8.4	325
 9	202457	5147.8990	10423.4640	1045.3	 590.3	 636	  892.2	 22.7	  891.7	 -5.4	117.82	14.97	5.15	18.68	2.91	28.25	-3.75	18.2	20.9	326	-6.6	-0.9	6.7	326
 9	202557	5147.8771	10423.4685	1052.2	 597.2	 894	  891.8	 22.6	  891.4	 -5.6	115.08	14.97	5.15	18.68	2.93	28.50	-4.00	18.3	21.0	327	-5.9	-0.7	5.9	327
 9	202758	5147.8800	10423.4867	1044.4	 589.4	 944	  892.6	 22.7	  892.4	 -5.8	139.74	14.97	5.15	18.71	2.64	28.75	-3.75	18.2	21.0	328	-8.2	0.6	8.2	328
 9	202858	5147.8766	10423.4925	1042.8	 587.8	 990	  892.6	 22.7	  892.0	 -5.5	126.04	14.96	5.16	18.70	2.64	28.25	-3.75	18.0	21.0	329	-8.2	0.7	8.3	329
 9	202958	5147.8855	10423.4825	1043.9	 588.9	 932	  892.6	 22.8	  891.9	 -5.2	109.60	14.97	5.15	18.67	3.01	28.75	-4.00	17.9	21.0	330	-8.4	0.7	8.5	330
 9	203058	5147.8786	10423.4886	1043.2	 588.2	1016	  892.8	 22.8	  892.0	 -5.0	137.00	14.96	5.15	18.70	2.64	28.50	-3.75	17.8	20.9	331	-8.1	0.7	8.2	331
 9	203259	5147.8936	10423.4930	1035.9	 580.9	 900	  893.5	 22.8	  892.9	 -5.1	106.86	14.97	5.16	18.70	2.65	28.75	-3.75	17.7	21.0	332	-8.2	0.8	8.2	332
 9	203359	5147.8942	10423.4779	1041.6	 586.6	 842	  892.8	 22.9	  892.1	 -5.2	106.86	14.97	5.15	18.71	2.64	28.75	-3.75	17.7	20.9	333	-7.4	0.5	7.4	333
 9	203459	5147.8919	10423.4767	1042.4	 587.4	 851	  892.6	 22.9	  892.3	 -5.4	115.08	14.97	5.16	18.70	2.62	28.50	-3.75	17.6	20.9	334	-8.0	0.4	8.0	334
 9	203559	5147.8878	10423.4747	1045.2	 590.2	 905	  892.1	 23.0	  891.9	 -5.6	104.12	14.96	5.15	18.70	2.62	28.50	-4.00	17.6	21.0	335	-8.1	0.9	8.1	335
 9	203800	5147.8856	10423.4904	1040.8	 585.8	 961	  892.7	 22.9	  892.5	 -5.7	90.42	14.97	5.16	18.67	2.91	28.50	-4.00	17.7	21.1	336	-6.5	0.5	6.5	336
 9	203900	5147.8777	10423.4740	1050.2	 595.2	 807	  892.0	 22.9	  891.8	 -5.8	95.90	14.96	5.16	18.71	2.64	28.75	-3.50	17.6	21.0	337	-7.1	-0.8	7.1	337
 9	204000	5147.8822	10423.4794	1045.6	 590.6	 881	  892.5	 23.0	  892.2	 -5.9	90.42	14.96	5.15	18.70	2.65	28.75	-3.75	17.6	21.0	338	-6.8	-0.4	6.8	338
 9	204110	5147.8770	10423.4952	1043.4	 588.4	 934	  892.7	 23.0	  892.6	 -6.0	76.72	14.96	5.16	18.71	2.64	28.50	-3.50	17.6	21.1	339	-8.4	1.1	8.5	339
 9	204301	5147.8916	10423.4981	1037.5	 582.5	 924	  893.3	 23.1	  893.3	 -6.0	128.78	14.97	5.16	18.70	2.65	28.50	-3.75	17.5	20.9	340	-8.5	1.8	8.7	340
 9	204401	5147.8842	10423.5134	1034.2	 579.2	1059	  893.8	 23.1	  893.5	 -5.9	87.68	14.97	5.16	18.70	2.65	28.75	-3.75	17.3	20.9	341	-8.2	1.2	8.3	341
 9	204511	5147.8810	10423.4816	1048.3	 593.3	 978	  892.1	 23.2	  892.4	 -5.8	128.78	14.97	5.16	18.70	2.64	28.75	-4.00	17.2	21.1	342	-8.1	0.3	8.1	342
 9	204611	5147.8804	10423.4812	1048.2	 593.2	1056	  892.1	 23.2	  892.1	 -5.8	112.34	14.97	5.16	18.70	2.65	28.75	-4.00	17.3	21.0	343	-7.4	-0.3	7.4	343
 9	204802	5147.8782	10423.4845	1048.8	 593.8	 890	  892.2	 23.2	  892.3	 -5.9	82.20	14.96	5.15	18.67	2.98	28.75	-3.75	17.2	21.0	344	-7.3	-0.0	7.3	344
 9	204912	5147.8711	10423.4878	1050.6	 595.6	1086	  892.0	 23.1	  892.0	 -5.9	76.72	14.96	5.15	18.67	3.05	29.00	-4.00	17.3	20.9	345	-6.6	1.4	6.8	345
 9	205012	5147.8631	10423.4860	1051.1	 596.1	1043	  891.7	 23.1	  891.5	 -5.9	106.86	14.96	5.15	18.70	2.67	28.75	-3.75	17.4	21.0	346	-5.4	-1.2	5.5	346
 9	205112	5147.8770	10423.4750	1053.6	 598.6	1006	  891.7	 23.1	  891.8	 -6.0	98.64	14.96	5.16	18.70	2.65	29.00	-3.75	17.4	21.1	347	-7.4	-0.4	7.4	347
 9	205313	5147.8733	10423.4747	1054.5	 599.5	 993	  891.5	 23.2	  891.4	 -6.2	84.94	14.96	5.15	18.70	2.65	28.75	-3.75	17.3	20.9	348	-7.7	1.1	7.8	348
 9	205413	5147.8783	10423.4740	1053.8	 598.8	 934	  891.7	 23.2	  891.3	 -6.2	79.46	14.96	5.15	18.71	2.64	28.75	-3.75	17.3	21.0	349	-7.1	-0.5	7.1	349
 9	205513	5147.8766	10423.4686	1057.6	 602.6	 975	  891.4	 23.2	  891.4	 -6.2	84.94	14.96	5.15	18.70	2.65	28.75	-4.00	17.4	20.9	350	-6.8	-0.5	6.8	350
 9	205613	5147.8747	10423.4758	1055.9	 600.9	 974	  891.6	 23.1	  891.4	 -6.0	106.86	14.97	5.15	18.71	2.64	28.75	-3.75	17.4	21.0	351	-7.0	0.5	7.1	351
 9	205814	5147.8707	10423.4604	1059.9	 604.9	1045	  891.0	 23.0	  891.0	 -5.9	101.38	14.97	5.16	18.67	3.07	28.75	-4.25	17.4	21.0	352	-6.1	-0.3	6.1	352
 9	205914	5147.8712	10423.4723	1055.7	 600.7	 998	  891.5	 23.1	  891.5	 -5.9	79.46	14.96	5.16	18.67	2.93	28.75	-4.00	17.6	21.0	353	-6.3	0.5	6.3	353
 9	210014	5147.8697	10423.4761	1053.9	 598.9	1054	  891.5	 23.1	  891.4	 -5.9	98.64	14.97	5.16	18.71	2.64	29.25	-4.25	17.5	21.0	354	-7.0	0.7	7.1	354
 9	210114	5147.8686	10423.4706	1053.7	 598.7	 903	  891.4	 23.0	  891.5	 -5.8	101.38	14.97	5.16	18.70	2.64	28.50	-4.00	17.6	21.0	355	-6.5	-1.3	6.6	355
 9	210315	5147.8761	10423.4774	1049.2	 594.2	 931	  891.9	 23.0	  891.7	 -5.7	109.60	14.97	5.15	18.68	2.99	29.00	-3.75	17.6	20.9	356	-6.8	0.4	6.8	356
 9	210415	5147.8572	10423.5070	1043.9	 588.9	1112	  892.5	 23.0	  892.2	 -5.8	82.20	14.97	5.15	18.70	2.64	28.75	-4.25	17.6	21.0	357	-8.6	0.7	8.7	357
 9	210515	5147.8833	10423.4866	1044.8	 589.8	 900	  892.2	 23.0	  892.1	 -5.6	90.42	14.97	5.16	18.70	2.64	28.50	-3.75	17.5	21.1	358	-6.5	-0.1	6.5	358
 9	210615	5147.8682	10423.5002	1044.4	 589.4	1057	  892.3	 23.2	  892.4	 -5.5	98.64	14.97	5.16	18.66	3.04	29.00	-3.75	17.6	21.1	359	-8.8	0.5	8.8	359
 9	210816	5147.8884	10423.4797	1042.7	 587.7	 550	  892.3	 23.1	  892.2	 -5.5	112.34	14.97	5.16	18.70	2.64	29.00	-4.00	17.6	21.0	360	-7.6	-0.5	7.6	360
 9	210916	5147.8865	10423.4837	1041.3	 586.3	 975	  892.5	 23.1	  892.2	 -5.7	104.12	14.97	5.15	18.69	2.62	29.00	-4.00	17.7	21.0	361	-7.4	-0.1	7.4	361
 9	211016	5147.8960	10423.4737	1044.1	 589.1	 719	  892.0	 23.0	  891.9	 -6.0	76.72	14.97	5.15	18.69	2.62	28.75	-3.75	17.6	21.0	362	-5.7	-0.8	5.7	362
 9	211116	5147.8727	10423.4675	1053.7	 598.7	 827	  891.2	 23.0	  890.8	 -6.3	84.94	14.96	5.16	18.69	2.65	28.50	-4.25	17.8	21.1	363	-8.1	-2.2	8.4	363
 9	211317	5147.8782	10423.4717	1051.7	 596.7	 852	  891.4	 23.0	  890.6	 -6.5	98.64	14.96	5.15	18.69	2.64	28.75	-4.00	17.8	21.0	364	-7.7	-0.6	7.7	364
 9	211417	5147.8681	10423.4874	1049.0	 594.0	1175	  891.6	 23.1	  890.9	 -6.4	98.64	14.97	5.15	18.66	3.02	28.75	-4.00	17.7	21.0	365	-7.4	-2.2	7.7	365
 9	211517	5147.8800	10423.4973	1041.7	 586.7	1080	  892.6	 23.1	  892.3	 -6.0	98.64	14.96	5.16	18.69	2.64	28.75	-4.00	17.6	21.1	366	-7.2	1.4	7.3	366
 9	211617	5147.8842	10423.4720	1050.1	 595.1	 856	  891.5	 23.2	  891.4	 -5.9	98.64	14.97	5.16	18.65	3.10	29.25	-4.00	17.5	20.9	367	-7.9	0.5	7.9	367
 9	211817	5147.8846	10423.4776	1046.8	 591.8	1064	  892.0	 23.0	  892.0	 -6.0	95.90	14.97	5.15	18.69	2.65	29.25	-4.25	17.6	21.6	368	-8.1	-0.4	8.1	368
 9	211917	5147.8937	10423.4732	1045.1	 590.1	 900	  891.9	 23.0	  891.5	 -6.1	79.46	14.97	5.15	18.70	2.62	28.75	-4.25	17.6	20.9	369	-7.1	1.4	7.3	369
 9	212017	5147.9013	10423.4652	1046.0	 591.0	3494	  892.1	 23.1	  891.7	 -6.2	79.46	14.97	5.15	18.65	3.08	29.25	-4.25	17.6	21.0	370	-6.4	-0.2	6.5	370
 9	212117	5147.8883	10423.4526	1053.9	 598.9	 786	  891.1	 23.1	  890.9	 -6.2	87.68	14.96	5.16	18.70	2.64	28.75	-4.25	17.6	21.1	371	-7.0	-1.1	7.1	371
 9	212318	5147.8918	10423.4674	1047.7	 592.7	 846	  891.5	 23.0	  891.0	 -6.4	79.46	14.97	5.15	18.65	3.10	29.00	-4.25	17.6	21.0	372	-5.2	-0.6	5.2	372
 9	212418	5147.8991	10423.4394	1051.7	 596.7	 966	  891.0	 23.0	  890.4	 -6.5	73.98	14.96	5.15	18.69	2.70	29.00	-4.25	17.6	20.9	373	-5.9	1.3	6.0	373
 9	212518	5147.8966	10423.4141	1057.9	 602.9	 692	  890.5	 22.9	  889.5	 -6.8	63.02	14.97	5.15	18.69	2.65	29.00	-4.00	17.8	21.0	374	-4.8	0.8	4.9	374
 9	212628	5147.8878	10423.4284	1059.4	 604.4	 771	  890.3	 22.9	  889.3	 -7.0	68.50	14.97	5.16	18.67	2.91	29.00	-4.25	17.9	21.0	375	-6.8	-0.6	6.8	375
 9	212819	5147.8801	10423.4529	1054.7	 599.7	 986	  890.8	 22.9	  889.9	 -7.2	76.72	14.96	5.15	18.69	2.65	28.75	-4.25	17.9	20.9	376	-6.6	0.2	6.6	376
 9	212919	5147.8905	10423.4541	1049.9	 594.9	 855	  891.2	 22.9	  890.5	 -7.2	65.76	14.96	5.15	18.69	2.64	28.75	-4.50	17.9	21.0	377	-5.6	0.2	5.6	377


