date	time	N	E	H	H-455	compass	P_hpa0	T0,C	P_hpa1	T1,C	dP,kpa	U15,V	U5,V	Uac,V	I,A	Tpow,C	Tmos,C	Bot,C	Top,C
14	113729	5147.8213	10423.3205	 458.9	   3.9	2033	  968.2	 25.4	  966.4	 -4.0	-10.96	14.98	5.15	18.76	2.62	29.75	-2.25	19.1	23.6	1
14	113828	5147.8215	10423.3208	 459.1	   4.1	2235	  967.9	 24.6	  966.3	 -4.0	-10.96	14.98	5.16	18.76	2.60	29.25	-2.00	19.5	22.0	2
14	113929	5147.8216	10423.3209	 459.7	   4.7	2070	  966.2	 24.0	  964.9	 -4.0	-5.48	14.98	5.16	18.77	2.67	29.00	-1.75	19.8	22.0	3
14	114029	5147.8216	10423.3208	 460.8	   5.8	2081	  964.6	 23.6	  963.5	 -3.9	-5.48	14.98	5.16	18.77	2.60	28.75	-1.75	20.2	22.2	4
14	114129	5147.8215	10423.3206	 462.3	   7.3	2065	  963.1	 23.4	  961.9	 -3.9	0.00	14.98	5.16	18.77	2.62	29.25	-2.25	20.5	22.3	5
14	114229	5147.8214	10423.3196	 466.8	  11.8	1939	  961.6	 23.2	  960.4	 -3.8	2.74	14.98	5.16	18.77	2.64	28.75	-2.00	20.8	22.5	6
14	114329	5147.8208	10423.3180	 470.7	  15.7	1875	  960.1	 23.1	  959.0	 -3.8	10.96	14.98	5.16	18.77	2.59	28.75	-2.00	21.0	22.6	7
14	114429	5147.8198	10423.3159	 473.6	  18.6	1932	  958.7	 23.1	  957.2	 -3.8	19.18	14.98	5.16	18.77	2.62	28.50	-2.00	21.2	22.6	8
14	114529	5147.8188	10423.3140	 475.8	  20.8	1962	  957.1	 23.1	  955.8	 -3.8	27.40	14.98	5.15	18.77	2.62	28.75	-2.25	21.4	22.9	9
14	114629	5147.8186	10423.3142	 491.2	  36.2	1982	  956.5	 23.1	  955.4	 -3.9	27.40	14.98	5.16	18.77	2.65	28.75	-2.00	21.5	23.0	10
14	114729	5147.8187	10423.3152	 502.2	  47.2	2250	  956.6	 23.1	  955.4	 -3.9	32.88	14.98	5.16	18.77	2.60	28.50	-2.50	21.6	23.1	11
14	114829	5147.8188	10423.3160	 506.8	  51.8	2319	  956.5	 23.2	  955.4	 -4.0	35.62	14.98	5.16	18.77	2.65	28.50	-2.25	21.8	23.1	12
14	114929	5147.8187	10423.3167	 510.2	  55.2	2446	  956.6	 23.2	  955.5	 -4.0	41.10	14.98	5.15	18.77	2.59	28.50	-2.00	21.9	23.3	13
14	115029	5147.8187	10423.3171	 512.6	  57.6	2337	  956.5	 23.3	  955.4	 -4.0	46.58	14.98	5.15	18.77	2.57	28.00	-2.00	22.0	23.4	14
14	115129	5147.8188	10423.3172	 514.0	  59.0	2257	  956.4	 23.3	  955.3	 -4.1	49.32	14.99	5.16	18.77	2.60	28.50	-2.00	22.0	23.5	15
14	115229	5147.8190	10423.3175	 518.3	  63.3	2174	  956.4	 23.4	  955.4	 -4.1	49.32	14.98	5.15	18.77	2.60	28.25	-2.00	22.1	23.6	16
14	115329	5147.8192	10423.3178	 522.1	  67.1	2192	  956.4	 23.4	  955.3	 -4.1	49.32	14.98	5.15	18.78	2.65	28.25	-2.00	22.2	23.8	17
14	115429	5147.8194	10423.3183	 525.1	  70.1	2246	  956.5	 23.5	  955.4	 -4.1	46.58	14.98	5.16	18.77	2.59	28.25	-2.25	22.3	23.8	18
14	115529	5147.8196	10423.3186	 526.8	  71.8	2275	  956.4	 23.5	  955.4	 -4.1	49.32	14.98	5.16	18.77	2.64	28.50	-2.50	22.4	25.7	19
14	115629	5147.8196	10423.3187	 527.6	  72.6	2267	  956.3	 23.6	  955.2	 -4.2	57.54	14.98	5.15	18.78	2.60	28.50	-2.25	22.4	24.0	20
14	115729	5147.8197	10423.3189	 528.6	  73.6	2347	  955.0	 23.7	  954.1	 -4.2	65.76	14.98	5.16	18.77	2.62	28.25	-2.25	22.5	24.1	21
14	115829	5147.8196	10423.3192	 531.3	  76.3	2293	  953.5	 23.7	  952.6	 -4.2	71.24	14.98	5.15	18.77	2.59	28.25	-2.25	22.6	26.0	22
14	115929	5147.8195	10423.3204	 545.1	  90.1	2366	  951.5	 23.8	  950.5	 -4.2	79.46	14.98	5.15	18.77	2.64	28.25	-2.25	22.6	24.2	23
14	120029	5147.8195	10423.3210	 562.5	 107.5	2376	  949.5	 23.8	  948.5	 -4.3	87.68	14.98	5.15	18.77	2.60	28.50	-2.00	22.7	24.3	24
14	120129	5147.8194	10423.3216	 580.7	 125.7	2315	  947.5	 23.9	  946.7	 -4.3	101.38	14.98	5.16	18.78	2.60	28.50	-2.00	22.8	24.3	25
14	120229	5147.8193	10423.3218	 598.0	 143.0	2361	  945.6	 24.0	  944.5	 -4.4	109.60	14.98	5.16	18.77	2.60	28.75	-2.00	22.9	24.5	26
14	120329	5147.8198	10423.3219	 613.0	 158.0	2118	  943.9	 24.0	  942.3	 -4.5	126.04	14.98	5.15	18.77	2.60	28.50	-2.00	23.0	24.5	27
14	120429	5147.8199	10423.3215	 625.2	 170.2	1987	  943.6	 24.1	  942.1	 -4.5	120.56	14.98	5.15	18.77	2.62	28.75	-2.00	23.0	24.6	28
14	120529	5147.8200	10423.3212	 630.2	 175.2	2099	  943.7	 24.1	  942.2	 -4.6	120.56	14.97	5.15	18.78	2.60	28.50	-2.25	23.1	24.7	29
14	120629	5147.8201	10423.3214	 633.2	 178.2	2455	  943.8	 24.2	  942.1	 -4.7	120.56	14.98	5.16	18.77	2.64	28.75	-2.25	23.1	24.7	30
14	120729	5147.8201	10423.3217	 634.3	 179.3	2577	  943.8	 24.3	  942.0	 -4.7	120.56	14.98	5.16	18.77	2.57	29.00	-2.25	23.2	24.8	31
14	120829	5147.8201	10423.3218	 635.0	 180.0	2352	  943.9	 24.3	  942.2	 -4.8	123.30	14.98	5.16	18.77	2.60	29.00	-2.50	23.3	24.8	32
14	120929	5147.8201	10423.3219	 635.7	 180.7	2403	  943.8	 24.4	  942.0	 -4.8	117.82	14.98	5.15	18.78	2.48	28.75	-2.25	23.4	24.9	33
14	121029	5147.8201	10423.3220	 636.5	 181.5	2505	  943.8	 24.4	  941.9	 -4.8	115.08	14.97	5.15	18.77	2.65	29.00	-2.25	23.4	24.9	34
14	121129	5147.8200	10423.3221	 637.2	 182.2	2415	  943.8	 24.5	  942.1	 -4.9	117.82	14.98	5.15	18.77	2.59	29.00	-2.00	23.4	24.9	35
14	121229	5147.8201	10423.3221	 638.0	 183.0	2083	  943.8	 24.6	  941.9	 -4.9	117.82	14.98	5.16	18.78	2.62	29.25	-2.25	23.5	25.1	36
14	121329	5147.8202	10423.3220	 638.8	 183.8	2203	  943.7	 24.6	  942.0	 -4.9	115.08	14.98	5.15	18.77	2.64	29.25	-2.50	23.6	25.0	37
14	121429	5147.8203	10423.3221	 639.6	 184.6	2412	  943.9	 24.7	  942.1	 -4.9	117.82	14.98	5.16	18.78	2.62	28.75	-2.50	23.6	25.1	38
14	121529	5147.8203	10423.3223	 640.3	 185.3	2403	  943.8	 24.7	  941.9	 -4.9	112.34	14.98	5.15	18.77	2.62	29.25	-2.50	23.6	25.3	39
14	121629	5147.8203	10423.3224	 641.1	 186.1	2380	  943.9	 24.8	  941.9	 -4.9	115.08	14.98	5.16	18.77	2.64	29.00	-2.50	23.6	25.3	40
14	121729	5147.8203	10423.3226	 641.9	 186.9	2586	  943.9	 24.8	  942.0	 -4.9	112.34	14.99	5.15	18.78	2.65	29.25	-2.25	23.9	25.4	41
14	121829	5147.8201	10423.3229	 642.6	 187.6	2866	  944.0	 24.9	  942.0	 -4.9	112.34	14.98	5.16	18.77	2.60	29.50	-2.25	23.8	25.4	42
14	121929	5147.8201	10423.3230	 643.2	 188.2	2470	  943.7	 24.9	  941.7	 -5.0	117.82	14.98	5.16	18.77	2.65	29.50	-2.50	23.8	25.5	43
14	122029	5147.8207	10423.3217	 644.4	 189.4	2019	  943.2	 25.0	  941.4	 -4.9	117.82	14.98	5.16	18.77	2.60	29.25	-2.50	23.9	25.5	44
14	122129	5147.8206	10423.3216	 650.1	 195.1	1863	  942.3	 25.0	  940.5	 -5.0	123.30	14.98	5.15	18.78	2.60	29.50	-2.25	23.9	25.6	45
14	122229	5147.8206	10423.3206	 662.6	 207.6	1980	  941.3	 25.1	  939.6	 -5.0	134.26	14.98	5.16	18.78	2.62	29.75	-2.25	24.0	25.6	46
14	122329	5147.8205	10423.3188	 671.1	 216.1	1698	  940.4	 25.1	  938.6	 -5.0	137.00	14.98	5.16	18.78	2.62	29.50	-2.25	24.1	25.7	47
14	122429	5147.8213	10423.3164	 676.6	 221.6	1761	  939.4	 25.2	  937.4	 -5.0	142.48	14.97	5.16	18.78	2.59	29.75	-2.50	24.1	25.8	48
14	122529	5147.8222	10423.3112	 689.0	 234.0	1727	  938.2	 25.2	  936.4	 -5.0	156.18	14.98	5.15	18.77	2.67	29.50	-2.50	24.2	25.7	49
14	122629	5147.8248	10423.3108	 709.1	 254.1	1882	  937.0	 25.3	  934.8	 -5.0	167.14	14.98	5.16	18.78	2.57	29.75	-2.50	24.2	25.8	50
14	122729	5147.8252	10423.3115	 726.9	 271.9	1890	  935.5	 25.4	  933.5	 -5.0	175.36	14.98	5.16	18.78	2.62	29.75	-2.75	24.3	25.8	51
14	122829	5147.8249	10423.3083	 747.0	 292.0	1843	  934.2	 25.4	  932.2	 -5.0	186.32	14.98	5.16	18.77	2.64	30.00	-2.50	24.3	26.0	52
14	122929	5147.8275	10423.3135	 756.3	 301.3	1945	  932.8	 25.5	  930.9	 -5.0	197.28	14.98	5.16	18.77	2.64	29.75	-2.50	24.4	25.9	53
14	123029	5147.8311	10423.3084	 763.8	 308.8	2020	  931.6	 25.5	  929.4	 -5.1	208.24	14.98	5.15	18.78	2.59	29.75	-2.50	24.5	26.1	54
14	123129	5147.8323	10423.3080	 770.8	 315.8	2044	  931.2	 25.6	  929.5	 -5.0	213.72	14.98	5.16	18.78	2.62	29.75	-2.50	24.5	26.2	55
14	123229	5147.8320	10423.3081	 770.8	 315.8	2020	  931.3	 25.6	  929.3	 -5.1	210.98	14.98	5.15	18.77	2.56	30.00	-2.75	24.5	26.2	56
14	123329	5147.8320	10423.3079	 770.7	 315.7	1940	  931.3	 25.7	  929.3	 -5.1	210.98	14.97	5.15	18.78	2.59	30.25	-2.75	24.7	26.2	57
14	123429	5147.8319	10423.3076	 770.5	 315.5	1945	  931.3	 25.7	  929.2	 -5.0	210.98	14.98	5.16	18.78	2.62	30.00	-2.50	24.7	26.2	58
14	123529	5147.8318	10423.3073	 770.4	 315.4	1936	  931.3	 25.8	  929.2	 -5.1	208.24	14.98	5.15	18.78	2.60	30.50	-2.50	24.8	26.2	59
14	123629	5147.8316	10423.3071	 770.4	 315.4	1944	  931.3	 25.9	  929.1	 -5.1	208.24	14.98	5.16	18.77	2.64	30.50	-2.75	24.8	26.4	60
14	123729	5147.8315	10423.3070	 770.2	 315.2	1947	  931.3	 25.9	  929.1	 -5.1	208.24	14.98	5.15	18.77	2.67	30.25	-2.50	24.9	26.5	61
14	123829	5147.8313	10423.3071	 770.1	 315.1	1933	  931.3	 26.0	  929.4	 -5.0	202.76	14.98	5.15	18.78	2.57	30.25	-2.75	25.0	26.5	62
14	123929	5147.8311	10423.3073	 770.1	 315.1	1891	  931.4	 26.0	  929.5	 -5.1	197.28	14.98	5.16	18.77	2.64	30.50	-2.75	25.1	26.6	63
14	124029	5147.8308	10423.3074	 770.0	 315.0	1880	  931.4	 26.1	  929.3	 -5.1	200.02	14.97	5.16	18.77	2.60	30.50	-2.75	25.1	26.6	64
14	124129	5147.8304	10423.3075	 770.0	 315.0	1869	  931.4	 26.1	  929.1	 -5.1	194.54	14.97	5.16	18.78	2.59	30.50	-2.75	25.2	26.7	65
14	124229	5147.8301	10423.3075	 770.0	 315.0	1848	  931.5	 26.2	  929.2	 -5.1	191.80	14.97	5.16	18.77	2.59	30.75	-2.50	25.3	26.8	66
14	124329	5147.8298	10423.3076	 770.0	 315.0	1885	  931.5	 26.2	  929.4	 -5.1	183.58	14.98	5.15	18.77	2.62	30.75	-3.00	25.2	26.8	67
14	124429	5147.8296	10423.3075	 770.0	 315.0	1881	  931.5	 26.3	  929.5	 -5.1	183.58	14.98	5.16	18.77	2.57	30.50	-2.75	25.3	26.8	68
14	124529	5147.8295	10423.3075	 769.9	 314.9	1886	  931.5	 26.3	  929.3	 -5.1	178.10	14.98	5.16	18.78	2.64	31.00	-3.00	25.4	26.8	69
14	124629	5147.8295	10423.3077	 769.8	 314.8	1929	  931.5	 26.4	  929.4	 -5.1	178.10	14.98	5.15	18.77	2.62	31.00	-2.75	25.4	26.9	70
14	124729	5147.8294	10423.3079	 769.6	 314.6	1933	  931.6	 26.4	  929.5	 -5.0	175.36	14.97	5.16	18.77	2.59	30.75	-2.50	25.5	26.9	71
14	124829	5147.8294	10423.3083	 769.5	 314.5	1937	  931.6	 26.5	  929.5	 -5.0	172.62	14.98	5.15	18.77	2.65	31.00	-2.75	25.4	27.1	72
14	124929	5147.8294	10423.3087	 769.5	 314.5	1937	  931.0	 26.5	  928.9	 -5.1	175.36	14.98	5.15	18.77	2.62	30.75	-2.75	25.5	27.0	73
14	125029	5147.8293	10423.3092	 770.1	 315.1	2002	  929.6	 26.5	  927.6	 -5.1	186.32	14.97	5.15	18.77	2.60	30.75	-2.75	25.6	27.1	74
14	125129	5147.8291	10423.3093	 771.0	 316.0	1917	  928.3	 26.6	  926.6	 -5.1	194.54	14.97	5.16	18.77	2.59	30.75	-2.75	25.6	27.1	75
14	125229	5147.8291	10423.3093	 772.2	 317.2	1940	  926.9	 26.6	  925.1	 -5.1	202.76	14.98	5.15	18.78	2.60	31.25	-2.75	25.6	27.2	76
14	125329	5147.8292	10423.3092	 773.9	 318.9	1939	  925.9	 26.7	  924.0	 -5.2	210.98	14.98	5.16	18.77	2.62	31.25	-3.00	25.6	27.2	77
14	125429	5147.8293	10423.3090	 777.1	 322.1	1965	  926.0	 26.7	  923.8	 -5.2	208.24	14.98	5.16	18.77	2.60	31.50	-3.00	25.6	27.2	78
14	125529	5147.8292	10423.3089	 780.4	 325.4	1965	  926.0	 26.8	  924.0	 -5.2	210.98	14.98	5.15	18.77	2.65	31.25	-2.75	25.7	27.3	79
14	125629	5147.8292	10423.3089	 783.2	 328.2	1969	  925.9	 26.8	  924.0	 -5.3	210.98	14.98	5.16	18.77	2.62	31.00	-3.00	25.8	27.2	80
14	125729	5147.8291	10423.3089	 785.4	 330.4	1949	  925.9	 26.8	  924.0	 -5.3	213.72	14.98	5.15	18.78	2.59	31.25	-3.25	25.8	27.4	81
14	125829	5147.8291	10423.3089	 786.7	 331.7	1959	  925.9	 26.9	  923.9	 -5.3	210.98	14.97	5.16	18.77	2.60	31.50	-2.75	25.9	27.3	82
14	125929	5147.8291	10423.3090	 787.6	 332.6	1977	  926.1	 26.9	  924.0	 -5.3	213.72	14.98	5.15	18.77	2.60	31.25	-3.00	25.8	27.4	83
14	130029	5147.8291	10423.3091	 788.5	 333.5	1977	  926.0	 27.0	  923.8	 -5.4	219.20	14.98	5.16	18.77	2.64	31.25	-3.00	25.9	27.5	84
14	130129	5147.8291	10423.3093	 789.4	 334.4	1972	  926.0	 27.0	  924.0	 -5.3	219.20	14.98	5.16	18.77	2.67	31.50	-3.25	26.0	27.5	85
14	130229	5147.8291	10423.3095	 790.3	 335.3	1987	  926.1	 27.0	  924.0	 -5.3	219.20	14.98	5.16	18.77	2.60	31.50	-3.00	26.0	27.6	86
14	130329	5147.8291	10423.3096	 791.1	 336.1	1985	  926.0	 27.1	  924.0	 -5.3	219.20	14.98	5.16	18.77	2.56	31.50	-3.00	26.0	27.7	87
14	130429	5147.8291	10423.3098	 792.0	 337.0	2007	  926.0	 27.1	  924.1	 -5.3	224.68	14.98	5.16	18.77	2.60	31.50	-3.00	26.1	27.6	88
14	130529	5147.8291	10423.3100	 792.8	 337.8	2014	  926.1	 27.2	  924.1	 -5.3	221.94	14.98	5.15	18.77	2.57	31.75	-3.25	26.1	27.8	89
14	130629	5147.8293	10423.3101	 793.7	 338.7	2009	  926.1	 27.2	  924.0	 -5.3	227.42	14.98	5.16	18.77	2.62	31.50	-3.00	26.1	27.7	90
14	130729	5147.8295	10423.3102	 794.5	 339.5	2018	  926.1	 27.2	  924.0	 -5.3	227.42	14.97	5.15	18.78	2.62	31.50	-3.25	26.1	27.8	91
14	130829	5147.8297	10423.3103	 795.3	 340.3	2046	  926.1	 27.3	  923.9	 -5.3	227.42	14.97	5.15	18.77	2.62	31.50	-3.25	26.2	27.7	92
14	130929	5147.8298	10423.3103	 796.2	 341.2	2028	  926.1	 27.3	  923.9	 -5.3	227.42	14.98	5.16	18.77	2.60	31.75	-3.00	26.2	27.8	93
14	131029	5147.8299	10423.3103	 797.0	 342.0	2023	  926.1	 27.3	  924.0	 -5.3	230.16	14.98	5.16	18.77	2.62	31.50	-3.00	26.2	27.9	94
14	131129	5147.8302	10423.3104	 797.7	 342.7	2053	  926.1	 27.4	  923.9	 -5.3	224.68	14.98	5.16	18.77	2.60	31.50	-3.00	26.3	27.9	95
14	131229	5147.8304	10423.3104	 798.4	 343.4	2065	  926.1	 27.4	  924.0	 -5.3	230.16	14.98	5.15	18.77	2.64	31.50	-3.00	26.3	28.0	96
14	131329	5147.8308	10423.3105	 799.0	 344.0	2086	  926.2	 27.4	  924.1	 -5.3	224.68	14.97	5.16	18.77	2.60	31.75	-3.00	26.4	28.0	97
14	131429	5147.8311	10423.3105	 799.6	 344.6	2106	  926.2	 27.5	  924.0	 -5.3	224.68	14.98	5.16	18.77	2.60	32.00	-2.75	26.4	30.1	98
14	131529	5147.8314	10423.3105	 800.4	 345.4	2100	  926.2	 27.5	  924.0	 -5.4	216.46	14.98	5.16	18.77	2.64	31.50	-3.00	26.5	28.0	99
14	131629	5147.8317	10423.3109	 800.9	 345.9	2135	  926.4	 27.5	  924.1	 -5.4	213.72	14.98	5.16	18.77	2.60	31.75	-3.00	26.5	27.9	100
14	131729	5147.8318	10423.3113	 801.6	 346.6	2144	  926.4	 27.6	  924.2	 -5.4	210.98	14.97	5.16	18.77	2.59	31.75	-3.00	26.4	28.1	101
14	131829	5147.8319	10423.3117	 802.2	 347.2	2149	  926.3	 27.6	  924.0	 -5.4	205.50	14.98	5.16	18.77	2.64	31.75	-3.00	26.5	28.2	102
14	131929	5147.8320	10423.3119	 803.0	 348.0	2126	  925.3	 27.7	  923.2	 -5.4	213.72	14.97	5.15	18.77	2.65	32.00	-3.25	26.5	28.1	103
14	132029	5147.8322	10423.3120	 804.1	 349.1	2144	  923.7	 27.7	  921.4	 -5.4	230.16	14.97	5.15	18.77	2.57	32.00	-3.25	26.6	28.2	104
14	132129	5147.8325	10423.3123	 808.5	 353.5	2125	  922.6	 27.7	  920.6	 -5.4	232.90	14.98	5.16	18.78	2.50	32.00	-3.25	26.6	28.2	105
14	132229	5147.8326	10423.3130	 815.2	 360.2	2109	  921.4	 27.8	  919.3	 -5.5	243.86	14.97	5.16	18.77	2.59	32.00	-3.00	26.7	28.2	106
14	132329	5147.8326	10423.3139	 824.1	 369.1	2092	  920.4	 27.8	  918.5	 -5.5	243.86	14.98	5.16	18.78	2.57	32.00	-3.25	26.7	28.2	107
14	132429	5147.8322	10423.3149	 830.6	 375.6	2106	  920.1	 27.8	  918.1	 -5.5	241.12	14.98	5.15	18.76	2.60	32.00	-3.25	26.8	28.2	108
14	132529	5147.8323	10423.3153	 834.5	 379.5	2106	  920.1	 27.9	  918.3	 -5.6	238.38	14.97	5.16	18.78	2.60	32.25	-3.00	26.8	28.3	109
14	132629	5147.8323	10423.3154	 836.4	 381.4	2088	  920.1	 27.9	  918.2	 -5.6	235.64	14.98	5.16	18.77	2.62	32.25	-3.25	26.8	28.4	110
14	132729	5147.8323	10423.3154	 837.7	 382.7	2106	  920.1	 27.9	  918.1	 -5.6	232.90	14.98	5.16	18.77	2.60	32.50	-3.00	26.8	28.4	111
14	132829	5147.8323	10423.3153	 838.6	 383.6	2072	  920.2	 27.9	  918.3	 -5.6	230.16	14.98	5.16	18.77	2.60	32.50	-3.25	26.8	28.3	112
14	132929	5147.8324	10423.3153	 839.5	 384.5	2074	  920.0	 28.0	  918.4	 -5.6	224.68	14.97	5.15	18.77	2.62	32.00	-3.25	26.9	28.4	113
14	133029	5147.8323	10423.3154	 840.5	 385.5	2081	  920.0	 28.0	  918.3	 -5.6	224.68	14.97	5.15	18.77	2.59	32.25	-3.00	26.9	28.4	114
14	133129	5147.8322	10423.3155	 841.3	 386.3	2086	  920.1	 28.0	  918.3	 -5.6	221.94	14.97	5.16	18.78	2.60	32.00	-3.00	26.9	28.4	115
14	133229	5147.8321	10423.3158	 843.0	 388.0	2097	  920.1	 28.0	  918.1	 -5.6	210.98	14.97	5.16	18.77	2.59	32.50	-3.00	26.9	28.4	116
14	133329	5147.8320	10423.3162	 844.2	 389.2	2136	  920.1	 28.1	  918.2	 -5.6	213.72	14.98	5.16	18.78	2.59	32.25	-3.00	27.0	28.5	117
14	133429	5147.8322	10423.3166	 845.3	 390.3	2177	  920.0	 28.1	  918.5	 -5.6	208.24	14.98	5.15	18.77	2.62	32.50	-3.25	26.9	28.5	118
14	133529	5147.8324	10423.3170	 846.2	 391.2	2195	  920.1	 28.1	  918.4	 -5.6	208.24	14.97	5.16	18.77	2.62	32.50	-3.00	27.0	28.6	119
14	133629	5147.8325	10423.3174	 847.3	 392.3	2195	  920.1	 28.1	  918.1	 -5.6	208.24	14.98	5.16	18.77	2.60	32.50	-3.00	27.0	28.6	120
14	133729	5147.8325	10423.3178	 848.1	 393.1	2213	  920.1	 28.2	  918.3	 -5.6	205.50	14.98	5.15	18.78	2.56	32.25	-3.25	26.9	28.7	121
14	133829	5147.8324	10423.3182	 848.9	 393.9	2217	  920.1	 28.2	  918.4	 -5.6	202.76	14.98	5.16	18.77	2.64	32.25	-3.50	27.1	28.6	122
14	133929	5147.8324	10423.3188	 849.8	 394.8	2267	  920.1	 28.2	  918.3	 -5.6	197.28	14.98	5.16	18.77	2.57	32.50	-3.25	27.0	28.7	123
14	134029	5147.8326	10423.3192	 850.7	 395.7	2282	  920.1	 28.2	  918.2	 -5.6	197.28	14.97	5.16	18.77	2.60	32.50	-3.25	27.1	28.7	124
14	134129	5147.8328	10423.3197	 851.3	 396.3	2290	  920.0	 28.3	  918.4	 -5.6	197.28	14.98	5.16	18.77	2.62	32.50	-3.25	27.1	28.7	125
14	134229	5147.8333	10423.3207	 852.4	 397.4	2351	  920.1	 28.3	  918.3	 -5.6	200.02	14.98	5.15	18.77	2.62	32.50	-3.50	27.1	28.7	126
14	134329	5147.8338	10423.3215	 853.2	 398.2	2391	  920.1	 28.3	  918.2	 -5.6	200.02	14.98	5.16	18.77	2.59	32.50	-3.50	27.1	28.7	127
14	134429	5147.8341	10423.3219	 853.8	 398.8	2332	  919.7	 28.3	  917.7	 -5.5	205.50	14.97	5.15	18.76	2.65	32.50	-3.50	27.1	28.9	128
14	134529	5147.8346	10423.3231	 855.8	 400.8	2443	  918.5	 28.3	  916.6	 -5.5	221.94	14.98	5.15	18.76	2.65	32.25	-3.25	27.2	28.9	129
14	134629	5147.8356	10423.3259	 861.5	 406.5	2455	  917.3	 28.4	  915.5	 -5.5	227.42	14.97	5.15	18.77	2.64	32.75	-3.25	27.2	28.8	130
14	134729	5147.8368	10423.3276	 868.2	 413.2	2410	  916.3	 28.4	  914.8	 -5.5	241.12	14.98	5.16	18.78	2.54	33.00	-3.50	27.2	28.9	131
14	134829	5147.8377	10423.3284	 876.4	 421.4	2420	  915.3	 28.4	  913.7	 -5.6	252.08	14.98	5.15	18.77	2.60	32.50	-3.25	27.3	28.9	132
14	134929	5147.8386	10423.3291	 883.7	 428.7	2377	  914.3	 28.5	  912.5	 -5.6	254.82	14.97	5.15	18.78	2.57	32.75	-3.25	27.4	28.9	133
14	135029	5147.8393	10423.3299	 890.7	 435.7	2377	  913.8	 28.5	  912.2	 -5.6	263.04	14.98	5.15	18.77	2.60	32.75	-3.50	27.3	28.9	134
14	135129	5147.8402	10423.3307	 895.9	 440.9	2405	  913.8	 28.5	  912.4	 -5.7	260.30	14.98	5.16	18.77	2.65	32.50	-3.25	27.3	28.9	135
14	135229	5147.8411	10423.3318	 898.9	 443.9	2453	  913.8	 28.6	  912.3	 -5.7	263.04	14.98	5.15	18.77	2.59	32.75	-3.50	27.5	29.0	136
14	135329	5147.8420	10423.3329	 901.7	 446.7	2463	  913.8	 28.6	  912.4	 -5.7	265.78	14.97	5.16	18.77	2.62	33.00	-3.50	27.4	29.1	137
14	135429	5147.8424	10423.3334	 902.8	 447.8	2417	  913.8	 28.6	  912.3	 -5.7	268.52	14.98	5.15	18.77	2.62	33.00	-3.25	27.4	29.0	138
14	135529	5147.8426	10423.3335	 903.5	 448.5	2429	  913.9	 28.7	  912.2	 -5.6	268.52	14.98	5.15	18.77	2.62	32.75	-3.50	27.4	29.1	139
14	135629	5147.8427	10423.3334	 904.2	 449.2	2403	  913.9	 28.7	  912.2	 -5.6	271.26	14.98	5.16	18.77	2.62	32.50	-3.50	27.6	29.1	140
14	135729	5147.8429	10423.3334	 905.0	 450.0	2412	  913.9	 28.7	  912.4	 -5.7	265.78	14.97	5.16	18.77	2.59	32.75	-3.75	27.5	29.2	141
14	135829	5147.8431	10423.3338	 905.7	 450.7	2478	  913.9	 28.7	  912.4	 -5.7	265.78	14.98	5.15	18.78	2.64	33.25	-3.50	27.5	29.1	142
14	135929	5147.8432	10423.3344	 906.3	 451.3	2524	  913.9	 28.8	  912.4	 -5.7	268.52	14.97	5.16	18.78	2.53	32.75	-3.50	27.6	29.1	143
14	140029	5147.8432	10423.3348	 907.0	 452.0	2508	  913.8	 28.8	  912.6	 -5.6	268.52	14.98	5.16	18.77	2.64	33.00	-3.75	27.6	29.2	144
14	140129	5147.8432	10423.3354	 907.5	 452.5	2552	  913.9	 28.8	  912.3	 -5.6	263.04	14.98	5.16	18.77	2.62	33.00	-3.25	27.7	29.2	145
14	140229	5147.8431	10423.3358	 908.1	 453.1	2552	  913.9	 28.8	  912.2	 -5.6	265.78	14.98	5.16	18.77	2.65	33.25	-3.50	27.7	29.2	146
14	140329	5147.8429	10423.3360	 908.8	 453.8	2554	  913.8	 28.9	  912.2	 -5.5	263.04	14.97	5.16	18.77	2.60	33.00	-3.25	27.7	29.3	147
14	140429	5147.8428	10423.3358	 909.4	 454.4	2487	  913.9	 28.9	  912.1	 -5.5	257.56	14.97	5.15	18.77	2.64	33.25	-3.50	27.7	29.3	148
14	140529	5147.8436	10423.3379	 910.4	 455.4	2529	  914.0	 28.9	  912.3	 -5.4	263.04	14.98	5.16	18.77	2.64	33.25	-3.50	27.7	29.4	149
14	140629	5147.8429	10423.3448	 911.0	 456.0	2627	  914.0	 28.9	  912.2	 -5.3	265.78	14.97	5.16	18.77	2.62	33.50	-3.25	27.8	29.4	150
14	140729	5147.8444	10423.3449	 911.7	 456.7	2669	  914.1	 29.0	  912.1	 -5.2	274.00	14.98	5.15	18.77	2.65	33.25	-3.50	27.8	29.4	151
14	140829	5147.8453	10423.3490	 912.7	 457.7	2750	  914.1	 29.0	  912.3	 -5.1	276.74	14.98	5.15	18.77	2.64	33.25	-3.50	27.8	29.4	152
14	140929	5147.8461	10423.3498	 913.3	 458.3	2776	  914.1	 29.0	  912.1	 -5.0	284.96	14.98	5.16	18.77	2.60	33.00	-3.50	27.9	29.5	153
14	141029	5147.8463	10423.3498	 913.6	 458.6	2634	  914.1	 29.1	  911.9	 -4.9	287.70	14.98	5.16	18.77	2.60	33.25	-3.25	27.9	29.5	154
14	141129	5147.8462	10423.3497	 914.1	 459.1	2611	  914.0	 29.1	  911.7	 -4.9	284.96	14.97	5.15	18.77	2.60	33.00	-3.25	27.9	29.4	155
14	141229	5147.8459	10423.3490	 914.6	 459.6	2612	  913.9	 29.1	  911.7	 -4.9	287.70	14.97	5.16	18.77	2.60	33.25	-3.00	28.0	29.6	156
14	141329	5147.8459	10423.3491	 915.1	 460.1	2651	  913.9	 29.1	  911.8	 -4.9	282.22	14.98	5.16	18.76	2.67	33.25	-3.25	28.0	29.6	157
14	141429	5147.8461	10423.3493	 915.5	 460.5	2700	  914.1	 29.2	  912.0	 -4.9	284.96	14.97	5.15	18.77	2.60	33.25	-3.50	28.0	29.6	158
14	141529	5147.8463	10423.3496	 915.9	 460.9	2712	  914.1	 29.2	  912.0	 -4.9	282.22	14.98	5.15	18.77	2.62	33.25	-3.25	28.0	29.7	159
14	142327	5147.8514	10423.3503	 922.3	 467.3	2706	  914.4	 29.4	  912.4	 -4.7	312.36	14.96	5.16	18.75	2.90	34.00	-3.00	28.3	29.8	160
14	142437	5147.8514	10423.3507	 922.4	 467.4	2749	  914.5	 29.4	  912.3	 -4.7	315.10	14.97	5.16	18.75	2.85	34.00	-3.00	28.2	29.9	161
14	142537	5147.8511	10423.3512	 922.4	 467.4	2769	  914.5	 29.5	  912.4	 -4.6	315.10	14.97	5.16	18.76	2.76	34.25	-3.00	28.3	29.9	162
14	142637	5147.8507	10423.3511	 922.4	 467.4	2743	  914.6	 29.5	  912.3	 -4.6	317.84	14.96	5.16	18.74	2.93	33.75	-3.00	28.4	29.9	163
14	142838	5147.8511	10423.3515	 922.4	 467.4	2762	  914.7	 29.6	  912.4	 -4.5	326.06	14.97	5.16	18.74	2.90	34.25	-3.00	28.4	30.0	164
14	142938	5147.8511	10423.3515	 922.5	 467.5	2762	  914.6	 29.7	  912.5	 -4.4	326.06	14.96	5.15	18.74	2.91	34.25	-3.00	28.4	30.1	165
14	143038	5147.8510	10423.3514	 922.5	 467.5	2756	  914.7	 29.7	  912.3	 -4.4	328.80	14.96	5.15	18.75	2.87	34.50	-2.75	28.5	30.1	166
14	143138	5147.8511	10423.3514	 922.6	 467.6	2763	  914.8	 29.8	  912.5	 -4.4	326.06	14.96	5.15	18.74	2.91	34.25	-2.75	28.5	30.1	167
14	143339	5147.8507	10423.3511	 922.7	 467.7	2762	  914.7	 29.8	  912.4	 -4.4	326.06	14.97	5.16	18.75	2.88	34.25	-2.75	28.6	30.2	168
14	143439	5147.8507	10423.3511	 922.7	 467.7	2737	  914.9	 29.9	  912.6	 -4.4	323.32	14.96	5.16	18.75	2.85	34.25	-2.50	28.6	30.2	169
14	143539	5147.8506	10423.3517	 922.7	 467.7	2783	  914.9	 29.9	  912.6	 -4.3	328.80	14.97	5.15	18.75	2.90	34.50	-2.75	28.8	30.4	170
14	143639	5147.8506	10423.3521	 922.7	 467.7	2783	  915.0	 30.0	  912.6	 -4.3	320.58	14.96	5.16	18.75	2.88	34.25	-2.75	28.8	30.4	171
14	143840	5147.8512	10423.3527	 922.8	 467.8	2810	  915.0	 30.1	  913.0	 -4.2	323.32	14.96	5.16	18.75	2.85	34.50	-2.25	28.7	30.4	172
14	143940	5147.8515	10423.3534	 922.8	 467.8	2869	  915.1	 30.1	  912.9	 -4.1	328.80	14.97	5.16	18.75	2.88	34.75	-2.75	28.8	30.4	173
14	144040	5147.8516	10423.3542	 922.9	 467.9	2840	  915.2	 30.2	  913.0	 -4.1	326.06	14.96	5.16	18.75	2.88	34.75	-2.50	28.8	30.5	174
14	144140	5147.8516	10423.3552	 922.9	 467.9	2956	  915.3	 30.2	  912.9	 -4.1	326.06	14.96	5.16	18.75	2.91	34.75	-2.25	28.9	30.6	175
14	144341	5147.8517	10423.3568	 922.9	 467.9	2947	  915.3	 30.3	  913.0	 -4.1	317.84	14.96	5.16	18.75	2.88	34.50	-2.25	29.0	30.7	176
14	144441	5147.8518	10423.3576	 922.9	 467.9	2914	  915.1	 30.3	  912.9	 -4.1	317.84	14.97	5.16	18.76	2.91	35.00	-2.25	29.0	30.6	177
14	144541	5147.8518	10423.3584	 922.8	 467.8	2861	  915.2	 30.3	  913.1	 -4.1	315.10	14.96	5.16	18.75	2.91	34.75	-2.25	29.1	30.7	178
14	144641	5147.8517	10423.3593	 923.1	 468.1	2977	  913.8	 30.4	  911.4	 -4.1	334.28	14.96	5.16	18.75	2.91	35.25	-2.25	29.0	30.8	179
14	144842	5147.8523	10423.3633	 933.1	 478.1	2894	  909.6	 30.5	  907.4	 -4.2	361.68	14.96	5.16	18.75	2.91	35.50	-2.25	29.2	30.8	180
14	144942	5147.8611	10423.3615	 980.3	 525.3	2731	  907.5	 30.5	  905.3	 -4.1	378.12	14.96	5.16	18.75	2.90	35.00	-2.25	29.2	30.8	181
14	145042	5147.8693	10423.3507	1004.1	 549.1	2693	  905.5	 30.6	  903.3	 -4.2	397.30	14.97	5.16	18.75	2.90	35.25	-2.25	29.2	30.9	182
14	145142	5147.8722	10423.3450	1022.8	 567.8	2596	  903.3	 30.6	  901.2	 -4.3	413.74	14.96	5.16	18.75	2.88	35.25	-2.50	29.2	31.0	183
14	145343	5147.8779	10423.3278	1059.7	 604.7	2565	  900.0	 30.7	  897.8	 -4.3	446.62	14.96	5.16	18.75	2.91	35.00	-2.50	29.3	31.0	184
14	145443	5147.8756	10423.3402	1058.5	 603.5	2627	  900.0	 30.7	  898.0	 -4.2	449.36	14.96	5.16	18.75	2.91	35.00	-2.25	29.3	31.1	185
14	145543	5147.8788	10423.3334	1056.5	 601.5	2493	  900.0	 30.8	  897.9	 -4.3	449.36	14.96	5.16	18.75	2.91	35.25	-2.25	29.5	31.1	186
14	145643	5147.8777	10423.3394	1056.9	 601.9	2552	  900.1	 30.8	  897.9	 -4.3	446.62	14.96	5.16	18.75	2.91	35.25	-2.25	29.4	31.1	187
14	145834	5147.8784	10423.3386	1057.1	 602.1	2512	  900.2	 30.9	  898.0	 -4.2	449.36	14.96	5.16	18.75	2.87	35.25	-2.25	29.4	31.2	188
14	145934	5147.8790	10423.3382	1057.1	 602.1	2538	  900.3	 30.9	  898.5	 -4.0	454.84	14.96	5.16	18.75	2.87	35.25	-2.25	29.5	31.2	189
14	150034	5147.8796	10423.3379	1057.1	 602.1	2574	  900.2	 30.9	  898.2	 -4.0	449.36	14.96	5.16	18.75	2.90	35.50	-2.25	29.6	31.2	190
14	150134	5147.8800	10423.3374	1057.1	 602.1	2504	  900.4	 31.0	  898.4	 -3.9	454.84	14.97	5.16	18.74	2.90	35.25	-2.25	29.6	31.3	191
14	150345	5147.8808	10423.3364	1057.1	 602.1	2568	  900.1	 31.0	  898.1	 -3.8	463.06	14.96	5.16	18.75	2.90	35.50	-2.25	29.6	31.3	192
14	150445	5147.8807	10423.3363	1057.1	 602.1	2543	  900.1	 31.1	  898.1	 -3.7	468.54	14.96	5.16	18.75	2.90	35.75	-2.00	29.6	31.4	193
14	150545	5147.8808	10423.3362	1057.2	 602.2	2584	  900.2	 31.1	  898.1	 -3.8	460.32	14.97	5.16	18.75	2.88	35.75	-2.25	29.7	31.4	194
14	150655	5147.8810	10423.3359	1057.3	 602.3	2572	  900.3	 31.1	  898.1	 -3.9	460.32	14.96	5.15	18.75	2.87	35.75	-2.25	29.8	31.4	195
14	150846	5147.8836	10423.3309	1057.7	 602.7	2584	  900.4	 31.2	  898.5	 -3.9	446.62	14.96	5.16	18.75	2.87	36.00	-2.25	29.8	31.5	196
14	150946	5147.8855	10423.3271	1057.4	 602.4	2497	  900.6	 31.2	  898.4	 -3.9	446.62	14.96	5.16	18.74	2.91	36.00	-1.75	29.9	31.5	197
14	151056	5147.8862	10423.3263	1057.3	 602.3	2583	  900.5	 31.3	  898.5	 -3.8	457.58	14.96	5.16	18.75	2.91	35.75	-2.00	29.9	31.5	198
14	151156	5147.8865	10423.3265	1057.3	 602.3	2491	  900.6	 31.3	  898.4	 -3.7	465.80	14.96	5.16	18.75	2.93	35.50	-1.75	29.9	31.6	199
14	151347	5147.8870	10423.3266	1057.2	 602.2	2558	  900.6	 31.4	  898.2	 -3.5	463.06	14.96	5.16	18.75	2.88	35.75	-2.00	30.0	31.6	200
14	151457	5147.8874	10423.3267	1057.1	 602.1	2536	  900.6	 31.4	  897.9	 -3.5	460.32	14.96	5.16	18.75	2.88	35.75	-1.50	30.1	31.6	201
14	151557	5147.8874	10423.3268	1057.2	 602.2	2552	  900.5	 31.5	  897.9	 -3.5	460.32	14.96	5.16	18.75	2.88	36.00	-1.75	30.0	31.7	202
14	151657	5147.8871	10423.3273	1057.2	 602.2	2560	  900.3	 31.5	  897.9	 -3.5	454.84	14.96	5.16	18.75	2.93	36.00	-1.75	30.1	31.7	203
14	151858	5147.8865	10423.3282	1057.4	 602.4	2574	  900.4	 31.6	  898.2	 -3.6	454.84	14.96	5.16	18.75	2.91	36.50	-1.75	30.1	31.8	204
14	151958	5147.8863	10423.3288	1057.5	 602.5	2506	  900.4	 31.6	  898.2	 -3.7	449.36	14.96	5.16	18.75	2.90	36.00	-1.50	30.1	31.9	205
14	152058	5147.8862	10423.3294	1057.6	 602.6	2597	  900.5	 31.6	  898.4	 -3.7	443.88	14.96	5.16	18.75	2.87	36.00	-1.75	30.3	31.8	206
14	152158	5147.8860	10423.3299	1057.6	 602.6	2563	  900.5	 31.7	  898.2	 -3.7	446.62	14.96	5.16	18.75	2.88	36.00	-1.75	30.3	31.9	207
14	152359	5147.8855	10423.3310	1057.7	 602.7	2591	  900.4	 31.7	  898.5	 -3.7	435.66	14.96	5.16	18.75	2.90	36.25	-2.00	30.3	32.0	208
14	152459	5147.8854	10423.3316	1057.7	 602.7	2579	  900.4	 31.8	  898.2	 -3.8	430.18	14.96	5.16	18.75	2.87	36.50	-1.75	30.3	32.1	209
14	152559	5147.8853	10423.3326	1057.7	 602.7	2637	  900.4	 31.8	  898.4	 -3.8	432.92	14.96	5.16	18.75	2.90	36.50	-1.50	30.4	32.0	210
14	152659	5147.8851	10423.3334	1057.7	 602.7	2644	  900.5	 31.8	  898.3	 -3.9	427.44	14.96	5.16	18.75	2.90	36.25	-1.50	30.4	32.1	211
14	152900	5147.8845	10423.3352	1057.8	 602.8	2669	  900.4	 31.9	  898.1	 -3.9	416.48	14.96	5.16	18.76	2.84	36.50	-1.50	30.4	32.2	212
14	153000	5147.8843	10423.3356	1057.9	 602.9	2568	  900.5	 31.9	  898.3	 -4.0	413.74	14.96	5.16	18.75	2.91	36.25	-1.75	30.4	32.1	213
14	153100	5147.8811	10423.3432	1059.4	 604.4	2627	  900.4	 32.0	  897.9	 -3.9	405.52	14.96	5.16	18.76	2.85	36.50	-1.75	30.5	32.1	214
14	153200	5147.8811	10423.3428	1059.9	 604.9	2645	  900.3	 32.0	  898.1	 -3.9	421.96	14.96	5.16	18.75	2.90	36.50	-1.75	30.5	32.1	215
14	153401	5147.8807	10423.3429	1060.0	 605.0	2591	  900.5	 32.0	  898.2	 -3.8	405.52	14.96	5.16	18.74	2.94	36.50	-2.25	30.6	32.2	216
14	153501	5147.8807	10423.3431	1060.0	 605.0	2657	  900.5	 32.1	  898.2	 -3.8	408.26	14.96	5.16	18.74	2.93	36.75	-1.50	30.6	32.2	217
14	153601	5147.8808	10423.3429	1060.1	 605.1	2535	  900.4	 32.1	  898.1	 -3.7	402.78	14.95	5.16	18.75	2.98	36.50	-1.50	30.6	32.3	218
14	153701	5147.8810	10423.3426	1060.0	 605.0	2609	  900.5	 32.1	  898.3	 -3.7	402.78	14.96	5.15	18.74	2.88	36.50	-1.75	30.7	32.3	219
14	153902	5147.8820	10423.3424	1059.9	 604.9	2568	  900.6	 32.2	  898.3	 -3.6	416.48	14.96	5.16	18.75	2.85	36.75	-1.50	30.7	32.3	220
14	154002	5147.8820	10423.3429	1059.8	 604.8	2596	  900.5	 32.2	  897.9	 -3.4	424.70	14.96	5.16	18.74	2.90	36.50	-1.75	30.8	32.4	221
14	154102	5147.8818	10423.3436	1059.9	 604.9	2560	  900.5	 32.2	  897.7	 -3.3	427.44	14.96	5.16	18.74	2.96	36.75	-1.75	30.8	32.4	222
14	154202	5147.8815	10423.3443	1059.9	 604.9	2693	  900.5	 32.3	  897.6	 -3.2	421.96	14.96	5.17	18.75	2.88	36.75	-1.50	30.8	32.5	223
14	154403	5147.8814	10423.3455	1059.9	 604.9	2663	  900.5	 32.3	  897.9	 -3.0	432.92	14.96	5.16	18.75	2.87	37.00	-1.50	30.9	32.6	224
14	154503	5147.8812	10423.3468	1060.0	 605.0	2668	  900.6	 32.3	  897.8	 -2.9	435.66	14.96	5.15	18.74	2.88	37.00	-1.50	30.9	32.5	225
14	154603	5147.8813	10423.3472	1060.0	 605.0	2579	  900.7	 32.4	  898.0	 -2.9	441.14	14.96	5.16	18.75	2.88	37.00	-1.50	30.9	32.5	226
14	154703	5147.8813	10423.3474	1059.9	 604.9	2644	  900.6	 32.4	  898.0	 -2.8	438.40	14.96	5.16	18.75	2.91	36.75	-1.50	30.9	32.6	227
14	154904	5147.8788	10423.3477	1060.9	 605.9	2586	  900.6	 32.4	  898.0	 -2.7	441.14	14.96	5.16	18.74	2.94	36.75	-1.25	31.0	32.7	228
14	155004	5147.8788	10423.3470	1060.8	 605.8	2604	  900.5	 32.5	  897.9	 -2.7	435.66	14.96	5.17	18.75	2.90	36.75	-1.50	31.0	32.6	229
14	155104	5147.8774	10423.3402	1060.5	 605.5	2563	  900.4	 32.5	  897.7	 -2.7	443.88	14.96	5.16	18.75	2.85	37.00	-1.25	31.1	32.7	230
14	155204	5147.8770	10423.3402	1060.7	 605.7	2537	  900.4	 32.5	  898.1	 -2.6	441.14	14.96	5.16	18.75	2.90	37.50	-1.25	31.1	32.7	231
14	155405	5147.8795	10423.3455	1059.0	 604.0	2592	  900.6	 32.6	  898.2	 -2.5	427.44	14.96	5.16	18.75	2.90	37.25	-1.00	31.1	32.9	232
14	155505	5147.8792	10423.3471	1059.0	 604.0	2675	  900.7	 32.6	  898.4	 -2.5	430.18	14.96	5.16	18.75	2.90	37.00	-1.00	31.2	32.8	233
14	155605	5147.8798	10423.3480	1058.7	 603.7	2719	  900.8	 32.6	  898.6	 -2.5	432.92	14.96	5.16	18.75	2.85	37.00	-1.00	31.1	32.8	234
14	155715	5147.8808	10423.3463	1058.5	 603.5	2681	  900.7	 32.7	  898.5	 -2.5	430.18	14.96	5.16	18.75	2.91	37.50	-1.00	31.2	32.8	235
14	155906	5147.8800	10423.3531	1057.0	 602.0	2687	  901.0	 32.7	  898.6	 -2.5	405.52	14.96	5.16	18.75	2.85	37.00	-0.75	31.3	32.9	236
14	160006	5147.8797	10423.3572	1056.3	 601.3	2732	  901.1	 32.8	  899.1	 -2.5	408.26	14.96	5.16	18.75	2.91	37.25	-0.75	31.2	32.9	237
14	160116	5147.8794	10423.3613	1056.0	 601.0	2744	  901.0	 32.8	  898.8	 -2.5	405.52	14.96	5.16	18.75	2.84	37.50	-1.00	31.3	33.0	238
14	160216	5147.8797	10423.3609	1055.9	 600.9	2751	  901.0	 32.8	  898.7	 -2.5	408.26	14.96	5.16	18.74	2.93	37.25	-0.50	31.4	33.0	239
14	160407	5147.8779	10423.3600	1056.1	 601.1	2718	  900.8	 32.9	  898.5	 -2.4	397.30	14.96	5.16	18.74	2.91	37.00	-0.75	31.4	33.0	240
14	160517	5147.8774	10423.3623	1055.5	 600.5	2737	  900.9	 32.9	  898.5	 -2.4	394.56	14.96	5.16	18.75	2.85	37.25	-0.75	31.4	33.0	241
14	160617	5147.8773	10423.3622	1055.5	 600.5	2731	  900.8	 32.9	  898.5	 -2.4	386.34	14.97	5.16	18.75	2.90	37.50	-0.75	31.4	33.1	242
14	160717	5147.8768	10423.3677	1054.5	 599.5	2824	  901.0	 32.9	  898.9	 -2.4	383.60	14.96	5.17	18.74	2.88	37.75	-0.50	31.4	33.1	243
14	160918	5147.8731	10423.3601	1055.9	 600.9	2633	  900.8	 33.0	  898.4	 -2.3	375.38	14.96	5.16	18.76	2.85	37.75	-0.50	31.5	33.2	244
14	161018	5147.8646	10423.3573	1058.8	 603.8	2675	  900.4	 33.0	  898.3	 -2.3	375.38	14.96	5.16	18.74	2.91	37.50	-0.50	31.4	33.3	245
14	161118	5147.8647	10423.3548	1060.1	 605.1	2633	  900.4	 33.1	  898.4	 -2.2	369.90	14.96	5.16	18.74	2.90	37.50	-0.75	31.6	33.2	246
14	161218	5147.8643	10423.3546	1060.1	 605.1	2737	  900.3	 33.1	  898.2	 -2.2	375.38	14.96	5.16	18.74	2.91	37.25	-0.50	31.7	33.3	247
14	161419	5147.8636	10423.3538	1059.6	 604.6	2622	  900.4	 33.2	  898.2	 -2.1	367.16	14.97	5.16	18.75	2.94	37.75	-0.50	31.6	33.3	248
14	161519	5147.8636	10423.3542	1059.6	 604.6	2645	  900.4	 33.2	  898.5	 -2.1	367.16	14.96	5.16	18.75	2.91	37.75	-0.50	31.7	33.3	249
14	161619	5147.8636	10423.3544	1059.6	 604.6	2611	  900.3	 33.2	  898.4	 -2.0	364.42	14.96	5.16	18.74	2.93	38.00	-0.50	31.7	33.3	250
14	161719	5147.8636	10423.3548	1059.5	 604.5	2590	  900.5	 33.2	  898.5	 -2.0	367.16	14.96	5.17	18.75	2.88	37.50	-0.50	31.7	33.4	251
14	161920	5147.8640	10423.3537	1059.4	 604.4	2646	  900.3	 33.3	  898.4	 -2.0	353.46	14.96	5.16	18.74	2.93	37.75	-0.25	31.7	33.4	252
14	162020	5147.8636	10423.3542	1059.4	 604.4	2681	  900.3	 33.3	  898.4	 -2.0	353.46	14.96	5.16	18.74	2.96	37.75	0.00	31.8	33.4	253
14	162120	5147.8599	10423.3511	1060.4	 605.4	2647	  900.3	 33.3	  898.2	 -2.0	353.46	14.96	5.16	18.74	2.87	37.50	-0.25	31.8	33.4	254
14	162220	5147.8598	10423.3485	1061.0	 606.0	2600	  900.2	 33.3	  898.1	 -2.0	347.98	14.96	5.16	18.74	2.88	37.75	0.00	31.8	33.5	255
14	162421	5147.8588	10423.3481	1061.1	 606.1	2551	  900.2	 33.4	  898.1	 -2.0	342.50	14.97	5.16	18.75	2.90	38.00	-0.25	31.9	33.6	256
14	162521	5147.8587	10423.3482	1061.1	 606.1	2652	  900.2	 33.4	  898.2	 -2.0	342.50	14.96	5.16	18.75	2.88	38.25	0.00	31.8	33.6	257
14	162621	5147.8592	10423.3502	1060.3	 605.3	2595	  900.4	 33.4	  898.5	 -2.0	339.76	14.97	5.16	18.75	2.91	38.00	-0.25	31.9	33.5	258
14	162721	5147.8612	10423.3542	1058.5	 603.5	2633	  900.5	 33.4	  898.4	 -1.9	334.28	14.96	5.16	18.75	2.93	38.25	-0.25	31.9	33.6	259
14	162922	5147.8611	10423.3551	1057.6	 602.6	2647	  900.3	 33.5	  898.2	 -1.9	345.24	14.96	5.16	18.75	2.88	38.00	0.00	32.0	33.6	260
14	163022	5147.8595	10423.3565	1057.6	 602.6	2646	  900.3	 33.5	  898.3	 -1.9	342.50	14.96	5.16	18.75	2.90	37.75	0.00	32.0	33.6	261
14	163122	5147.8532	10423.3541	1059.3	 604.3	2567	  900.2	 33.5	  898.1	 -1.9	347.98	14.96	5.16	18.75	2.88	38.00	0.00	32.1	33.7	262
14	163222	5147.8541	10423.3585	1057.3	 602.3	2629	  900.3	 33.5	  898.3	 -1.9	347.98	14.96	5.16	18.74	2.91	38.00	-0.25	32.0	33.7	263
14	163423	5147.8541	10423.3545	1057.1	 602.1	2624	  900.3	 33.6	  897.9	 -1.9	345.24	14.97	5.16	18.74	2.93	38.25	0.00	31.9	33.7	264
14	163523	5147.8528	10423.3504	1057.4	 602.4	2562	  900.2	 33.6	  898.0	 -1.9	347.98	14.96	5.17	18.75	2.91	38.00	0.00	32.1	33.7	265
14	163623	5147.8520	10423.3389	1058.5	 603.5	2468	  900.2	 33.6	  897.8	 -1.9	347.98	14.96	5.16	18.74	2.90	38.50	0.00	32.1	33.7	266
14	163723	5147.8494	10423.3421	1060.0	 605.0	2682	  900.2	 33.6	  897.9	 -1.9	347.98	14.96	5.16	18.75	2.96	38.25	0.00	32.1	33.7	267
14	163924	5147.8527	10423.3432	1060.4	 605.4	2513	  900.2	 33.7	  897.9	 -1.8	350.72	14.96	5.16	18.74	2.91	38.50	0.50	32.1	33.8	268
14	164024	5147.8526	10423.3431	1060.3	 605.3	2513	  900.3	 33.7	  897.8	 -1.9	342.50	14.96	5.16	18.74	2.90	38.00	0.25	32.2	33.8	269
14	164124	5147.8525	10423.3435	1060.2	 605.2	2545	  900.3	 33.7	  897.9	 -1.8	345.24	14.96	5.16	18.76	2.93	38.25	0.00	32.2	33.9	270
14	164224	5147.8525	10423.3442	1060.1	 605.1	2540	  900.3	 33.7	  898.0	 -1.9	345.24	14.96	5.16	18.75	2.87	38.25	0.00	32.2	33.8	271
14	164425	5147.8523	10423.3450	1060.1	 605.1	2544	  900.3	 33.7	  898.0	 -1.9	342.50	14.96	5.16	18.75	2.90	38.00	-0.25	32.2	33.9	272
14	164525	5147.8521	10423.3447	1060.0	 605.0	2527	  900.3	 33.8	  897.9	 -1.9	342.50	14.96	5.17	18.75	2.88	38.25	0.00	32.2	33.9	273
14	164625	5147.8519	10423.3448	1060.1	 605.1	2555	  900.3	 33.8	  898.0	 -1.9	339.76	14.96	5.16	18.75	2.91	38.00	0.00	32.3	33.9	274
14	164735	5147.8523	10423.3446	1059.9	 604.9	2540	  900.4	 33.8	  898.1	 -1.9	339.76	14.96	5.17	18.74	2.90	38.50	0.00	32.3	34.0	275
14	164926	5147.8534	10423.3442	1059.8	 604.8	2527	  900.5	 33.8	  898.1	 -1.9	334.28	14.96	5.16	18.75	2.85	38.25	0.25	32.3	34.0	276
14	165026	5147.8538	10423.3442	1059.7	 604.7	2531	  900.5	 33.9	  898.2	 -1.9	339.76	14.96	5.16	18.75	2.88	38.25	0.25	32.3	34.0	277
14	165136	5147.8544	10423.3439	1059.6	 604.6	2524	  900.6	 33.9	  898.1	 -1.9	339.76	14.96	5.17	18.74	2.88	38.25	0.25	32.4	34.1	278
14	165236	5147.8548	10423.3440	1059.5	 604.5	2546	  900.5	 33.9	  898.0	 -1.9	342.50	14.96	5.16	18.74	2.85	38.25	-0.25	32.4	34.1	279
14	165427	5147.8557	10423.3451	1059.3	 604.3	2616	  900.7	 33.9	  898.5	 -1.8	342.50	14.96	5.16	18.74	2.87	38.50	0.00	32.4	34.1	280
14	165537	5147.8564	10423.3455	1059.2	 604.2	2664	  900.7	 34.0	  898.5	 -1.8	345.24	14.96	5.16	18.75	2.88	38.50	0.00	32.4	34.1	281
14	165637	5147.8568	10423.3456	1059.0	 604.0	2572	  900.8	 34.0	  898.4	 -1.8	347.98	14.97	5.16	18.75	2.88	38.50	-0.25	32.5	34.1	282
14	165737	5147.8573	10423.3457	1058.9	 603.9	2583	  900.8	 34.0	  898.4	 -1.8	347.98	14.96	5.16	18.74	2.88	38.25	0.00	32.5	34.1	283
14	165938	5147.8579	10423.3458	1058.7	 603.7	2541	  900.7	 34.1	  898.3	 -1.8	347.98	14.97	5.16	18.75	2.88	38.50	0.25	32.6	34.3	284
14	170038	5147.8581	10423.3454	1058.7	 603.7	2550	  900.7	 34.1	  898.3	 -1.8	345.24	14.96	5.16	18.74	2.90	38.75	0.00	32.5	34.3	285
14	170138	5147.8585	10423.3452	1058.6	 603.6	2526	  900.8	 34.1	  898.4	 -1.8	339.76	14.96	5.16	18.74	2.88	38.75	0.25	32.6	34.3	286
14	170238	5147.8588	10423.3452	1058.5	 603.5	2587	  900.9	 34.1	  898.4	 -1.9	339.76	14.96	5.16	18.75	2.90	38.50	0.00	32.6	34.3	287
14	170439	5147.8689	10423.3393	1056.4	 601.4	2501	  901.1	 34.2	  898.5	 -1.8	339.76	14.96	5.16	18.74	2.90	38.50	0.25	32.7	34.3	288
14	170539	5147.8674	10423.3392	1057.3	 602.3	2476	  901.0	 34.2	  898.5	 -1.9	337.02	14.95	5.16	18.75	2.93	38.50	0.00	32.7	34.3	289
14	170639	5147.8651	10423.3424	1057.1	 602.1	2479	  900.9	 34.2	  898.5	 -1.9	331.54	14.96	5.16	18.75	2.88	38.50	0.25	32.6	34.4	290
14	170739	5147.8652	10423.3480	1057.1	 602.1	2595	  900.9	 34.2	  898.5	 -1.9	328.80	14.96	5.16	18.75	2.91	38.75	0.00	32.7	34.3	291
14	170940	5147.8726	10423.3479	1056.2	 601.2	2651	  901.0	 34.3	  898.4	 -1.9	326.06	14.96	5.16	18.75	2.88	38.75	0.25	32.8	34.3	292
14	171040	5147.8705	10423.3358	1056.6	 601.6	2489	  901.0	 34.3	  898.5	 -1.9	320.58	14.96	5.16	18.75	2.88	38.75	0.00	32.8	34.5	293
14	171140	5147.8673	10423.3401	1058.0	 603.0	2597	  901.0	 34.3	  898.5	 -1.9	323.32	14.96	5.16	18.74	2.87	38.75	0.00	32.8	34.4	294
14	171240	5147.8683	10423.3371	1056.8	 601.8	2419	  900.9	 34.4	  898.4	 -1.9	317.84	14.96	5.16	18.75	2.90	39.00	0.00	32.9	34.5	295
14	171441	5147.8722	10423.3436	1054.3	 599.3	2583	  901.2	 34.4	  898.7	 -1.9	315.10	14.96	5.16	18.75	2.88	39.00	0.25	32.8	34.5	296
14	171541	5147.8682	10423.3432	1058.0	 603.0	2628	  901.0	 34.4	  898.6	 -1.9	315.10	14.96	5.16	18.75	2.85	39.00	0.25	32.9	34.6	297
14	171641	5147.8676	10423.3429	1060.3	 605.3	2451	  901.0	 34.4	  898.5	 -1.9	320.58	14.96	5.16	18.75	2.90	38.75	0.25	32.9	34.6	298
14	171741	5147.8560	10423.3418	1062.7	 607.7	2640	  900.8	 34.5	  898.1	 -1.9	317.84	14.96	5.16	18.74	2.90	39.00	0.00	33.0	34.6	299
14	171942	5147.8627	10423.3420	1060.6	 605.6	2558	  900.9	 34.5	  898.4	 -1.9	309.62	14.96	5.16	18.75	2.91	38.75	0.50	33.0	34.6	300
14	172042	5147.8621	10423.3393	1061.6	 606.6	2429	  900.9	 34.5	  898.4	 -1.9	306.88	14.96	5.16	18.75	2.90	38.75	0.00	32.9	34.6	301
14	172142	5147.8625	10423.3283	1059.6	 604.6	2391	  900.9	 34.6	  898.3	 -1.9	306.88	14.96	5.16	18.75	2.87	39.25	0.25	32.9	34.7	302
14	172242	5147.8564	10423.3311	1064.9	 609.9	2351	  900.8	 34.6	  898.3	 -1.9	306.88	14.96	5.16	18.75	2.87	38.75	0.25	33.0	34.7	303
14	172443	5147.8584	10423.3360	1063.5	 608.5	2494	  900.8	 34.6	  898.3	 -1.9	298.66	14.96	5.16	18.74	2.91	39.25	0.00	33.0	34.8	304
14	172543	5147.8584	10423.3360	1062.7	 607.7	2681	  900.9	 34.6	  898.5	 -1.9	298.66	14.96	5.16	18.75	2.91	39.25	0.25	33.1	34.8	305
14	172643	5147.8538	10423.3354	1064.2	 609.2	2478	  900.8	 34.6	  898.3	 -1.9	295.92	14.96	5.16	18.75	2.85	39.00	0.50	33.1	34.8	306
14	172743	5147.8532	10423.3333	1062.1	 607.1	2391	  900.8	 34.7	  898.3	 -1.9	287.70	14.96	5.16	18.74	2.91	39.25	0.00	33.0	34.8	307
14	172934	5147.8545	10423.3390	1063.5	 608.5	2579	  900.9	 34.7	  898.4	 -1.9	279.48	14.96	5.16	18.74	2.88	39.00	0.25	33.1	34.8	308
14	173034	5147.8574	10423.3448	1064.0	 609.0	2522	  901.2	 34.7	  898.4	 -1.9	274.00	14.96	5.16	18.74	2.93	39.25	0.00	33.0	34.8	309
14	173134	5147.8559	10423.3460	1062.5	 607.5	2598	  901.0	 34.7	  898.5	 -1.9	271.26	14.96	5.17	18.75	2.87	39.25	0.25	33.1	34.7	310
14	173234	5147.8565	10423.3420	1063.0	 608.0	2668	  901.1	 34.7	  898.5	 -1.9	271.26	14.96	5.16	18.74	2.90	39.00	0.25	33.2	34.8	311
14	173445	5147.8469	10423.3315	1063.7	 608.7	2372	  900.9	 34.7	  898.3	 -1.9	260.30	14.96	5.16	18.76	2.88	39.00	0.25	33.2	34.9	312
14	173545	5147.8514	10423.3422	1063.1	 608.1	2584	  900.9	 34.7	  898.5	 -1.9	260.30	14.96	5.16	18.75	2.87	39.25	0.25	33.1	34.9	313
14	173645	5147.8484	10423.3319	1064.5	 609.5	2466	  900.9	 34.7	  898.3	 -1.9	257.56	14.96	5.16	18.75	2.91	39.25	0.00	33.2	34.9	314
14	173755	5147.8482	10423.3420	1064.1	 609.1	2475	  901.0	 34.8	  898.1	 -1.9	254.82	14.96	5.16	18.75	2.93	39.25	0.00	33.1	34.9	315
14	173946	5147.8502	10423.3473	1063.1	 608.1	2694	  901.1	 34.8	  898.5	 -1.8	249.34	14.96	5.16	18.75	2.87	39.25	0.25	33.2	34.8	316
14	174046	5147.8569	10423.3357	1062.5	 607.5	2451	  901.1	 34.8	  898.3	 -1.8	249.34	14.96	5.16	18.75	2.90	39.25	0.25	33.1	34.9	317
14	174156	5147.8566	10423.3501	1063.3	 608.3	2612	  901.2	 34.8	  898.5	 -1.8	246.60	14.96	5.16	18.74	2.93	39.00	0.25	33.3	34.9	318
14	174256	5147.8637	10423.3383	1061.9	 606.9	2506	  901.4	 34.8	  898.5	 -1.8	252.08	14.96	5.16	18.74	2.90	39.25	0.00	33.3	34.8	319
14	174447	5147.8568	10423.3606	1062.3	 607.3	2657	  901.4	 34.8	  898.4	 -1.8	252.08	14.96	5.16	18.74	2.90	40.00	0.25	33.3	34.9	320
14	174557	5147.8650	10423.3561	1060.4	 605.4	2563	  901.4	 34.8	  898.7	 -1.7	254.82	14.95	5.17	18.75	2.91	39.25	0.00	33.4	35.0	321
14	174657	5147.8678	10423.3526	1059.0	 604.0	2700	  901.5	 34.9	  898.7	 -1.7	254.82	14.96	5.16	18.75	2.87	39.50	0.00	33.3	35.1	322
14	174757	5147.8663	10423.3601	1059.6	 604.6	2629	  901.7	 34.9	  898.7	 -1.7	252.08	14.97	5.16	18.75	2.85	39.25	0.25	33.3	35.1	323
14	174958	5147.8614	10423.3471	1061.5	 606.5	2559	  901.4	 34.9	  898.6	 -1.7	260.30	14.96	5.16	18.75	2.88	39.50	0.25	33.3	35.0	324
14	175058	5147.8553	10423.3450	1062.0	 607.0	2599	  901.2	 34.9	  898.4	 -1.7	263.04	14.96	5.16	18.74	2.93	39.75	0.25	33.3	35.1	325
14	175158	5147.8588	10423.3469	1061.5	 606.5	2522	  901.4	 34.9	  898.2	 -1.6	260.30	14.96	5.17	18.75	2.88	39.50	0.25	33.4	35.0	326
14	175611	5147.8608	10423.3464	1061.5	 606.5	2439	  901.4	 35.0	  898.5	 -1.7	252.08	14.96	5.16	18.74	2.88	39.50	0.25	33.4	35.1	327
14	175711	5147.8578	10423.3512	1061.4	 606.4	2566	  901.4	 35.0	  898.5	 -1.6	246.60	14.95	5.16	18.74	2.88	39.75	0.25	33.4	35.2	328
14	175821	5147.8660	10423.3488	1060.0	 605.0	2605	  901.6	 35.0	  898.6	 -1.6	246.60	14.96	5.16	18.73	2.91	39.25	0.00	33.4	35.1	329
14	175921	5147.8662	10423.3459	1060.4	 605.4	2492	  901.5	 35.0	  898.5	 -1.6	243.86	14.96	5.16	18.73	2.91	39.50	0.50	33.5	35.2	330
14	180112	5147.8674	10423.3465	1059.1	 604.1	2595	  901.6	 35.0	  898.3	 -1.6	246.60	14.96	5.16	18.73	2.93	39.50	0.25	33.5	35.1	331
14	180222	5147.8645	10423.3409	1061.4	 606.4	2491	  901.5	 35.0	  898.5	 -1.7	243.86	14.95	5.16	18.73	2.87	39.50	0.00	33.5	35.2	332
14	180322	5147.8593	10423.3352	1063.0	 608.0	2533	  901.3	 35.1	  898.3	 -1.6	241.12	14.96	5.16	18.73	2.87	39.50	0.00	33.5	35.2	333
14	180422	5147.8567	10423.3369	1062.3	 607.3	2537	  901.3	 35.1	  898.3	 -1.6	241.12	14.96	5.16	18.73	2.87	39.50	0.25	33.5	35.3	334
14	180623	5147.8576	10423.3387	1062.7	 607.7	2535	  901.3	 35.1	  898.2	 -1.6	235.64	14.96	5.16	18.73	2.90	39.25	0.00	33.5	35.2	335
14	180723	5147.8576	10423.3467	1062.3	 607.3	2617	  901.4	 35.1	  898.3	 -1.7	232.90	14.96	5.16	18.73	2.87	39.75	0.50	33.5	35.2	336
14	180823	5147.8616	10423.3437	1062.3	 607.3	2544	  901.4	 35.1	  898.4	 -1.7	230.16	14.96	5.17	18.72	2.93	40.00	0.50	33.6	35.4	337
14	180923	5147.8631	10423.3409	1060.8	 605.8	2510	  901.5	 35.1	  898.5	 -1.7	227.42	14.96	5.16	18.72	2.90	40.00	0.25	33.6	35.3	338
14	181124	5147.8568	10423.3401	1062.6	 607.6	2533	  901.5	 35.2	  898.3	 -1.7	227.42	14.96	5.16	18.73	2.91	40.25	0.25	33.5	35.3	339
14	181224	5147.8552	10423.3433	1063.4	 608.4	2556	  901.4	 35.2	  898.2	 -1.7	227.42	14.95	5.16	18.72	2.93	39.75	0.25	33.6	35.3	340
14	181324	5147.8528	10423.3360	1063.1	 608.1	2431	  901.3	 35.2	  898.3	 -1.7	221.94	14.96	5.16	18.73	2.93	39.50	0.50	33.6	35.3	341
14	181424	5147.8567	10423.3364	1063.4	 608.4	2390	  901.4	 35.2	  898.2	 -1.6	219.20	14.95	5.16	18.72	2.88	39.50	0.25	33.7	35.4	342
14	181625	5147.8485	10423.3346	1065.2	 610.2	2412	  901.3	 35.2	  898.0	 -1.7	219.20	14.96	5.16	18.72	2.93	40.00	0.25	33.6	35.3	343
14	181725	5147.8480	10423.3384	1065.0	 610.0	2482	  901.3	 35.3	  898.2	 -1.7	216.46	14.96	5.16	18.73	2.88	40.00	0.25	33.7	35.4	344
14	181825	5147.8451	10423.3263	1063.5	 608.5	2279	  901.1	 35.3	  898.0	 -1.7	208.24	14.95	5.16	18.73	2.87	40.00	0.25	33.6	35.4	345
14	181925	5147.8478	10423.3401	1065.1	 610.1	2448	  901.3	 35.3	  898.1	 -1.7	208.24	14.96	5.16	18.73	2.88	40.00	0.25	33.7	35.3	346
14	182126	5147.8486	10423.3417	1064.9	 609.9	2524	  901.4	 35.3	  898.3	 -1.7	202.76	14.96	5.16	18.73	2.93	40.25	0.25	33.6	35.4	347
14	182226	5147.8519	10423.3420	1063.6	 608.6	2508	  901.4	 35.3	  898.3	 -1.7	205.50	14.96	5.16	18.72	2.87	39.75	0.25	33.6	35.4	348
14	182326	5147.8516	10423.3262	1065.6	 610.6	2348	  901.3	 35.3	  898.2	 -1.7	197.28	14.96	5.16	18.72	2.87	40.00	0.25	33.7	35.4	349
14	182426	5147.8444	10423.3224	1065.3	 610.3	2176	  901.3	 35.3	  898.0	 -1.7	205.50	14.96	5.16	18.72	2.91	40.00	0.25	33.6	35.4	350
14	182627	5147.8511	10423.3316	1065.1	 610.1	2287	  901.4	 35.3	  898.2	 -1.7	200.02	14.96	5.16	18.73	2.93	40.25	0.25	33.7	35.4	351
14	182727	5147.8414	10423.3198	1066.7	 611.7	2132	  901.1	 35.3	  898.3	 -1.7	200.02	14.95	5.16	18.73	2.87	40.25	0.25	33.8	35.5	352
14	182827	5147.8374	10423.3331	1066.4	 611.4	2477	  901.2	 35.3	  898.3	 -1.7	194.54	14.96	5.16	18.73	2.90	40.25	0.25	33.7	35.4	353
14	182927	5147.8418	10423.3362	1066.0	 611.0	2415	  901.3	 35.4	  898.3	 -1.7	186.32	14.96	5.16	18.73	2.93	40.25	0.50	33.7	35.5	354
14	183128	5147.8513	10423.3401	1065.6	 610.6	2584	  901.4	 35.4	  898.4	 -1.7	186.32	14.95	5.16	18.73	2.85	40.00	0.50	33.7	35.5	355
14	183228	5147.8549	10423.3355	1065.2	 610.2	2407	  901.5	 35.4	  898.6	 -1.7	180.84	14.96	5.16	18.72	2.88	40.25	0.25	33.7	35.5	356
14	183328	5147.8462	10423.3437	1067.8	 612.8	2548	  901.4	 35.4	  898.2	 -1.7	191.80	14.96	5.16	18.72	2.93	40.00	0.25	33.7	35.5	357
14	183428	5147.8520	10423.3417	1064.5	 609.5	2429	  901.4	 35.4	  898.1	 -1.7	191.80	14.96	5.16	18.73	2.91	39.75	0.25	33.7	35.5	358
14	183629	5147.8468	10423.3432	1065.6	 610.6	2477	  901.4	 35.4	  898.2	 -1.7	197.28	14.96	5.16	18.72	2.94	40.00	0.50	33.8	35.5	359
14	183729	5147.8513	10423.3451	1065.5	 610.5	2441	  901.4	 35.4	  898.3	 -1.7	186.32	14.96	5.17	18.72	2.93	40.00	0.25	33.8	35.5	360
14	183829	5147.8514	10423.3423	1065.8	 610.8	2451	  901.5	 35.4	  898.3	 -1.7	191.80	14.95	5.17	18.72	2.90	39.75	0.25	33.7	35.5	361
14	183929	5147.8512	10423.3459	1064.7	 609.7	2503	  901.4	 35.4	  898.3	 -1.7	186.32	14.96	5.16	18.73	2.88	40.25	0.00	33.7	35.5	362
14	184130	5147.8510	10423.3496	1064.6	 609.6	2579	  901.5	 35.4	  898.4	 -1.7	191.80	14.96	5.16	18.73	2.88	40.25	0.25	33.8	35.5	363
14	184230	5147.8545	10423.3494	1063.9	 608.9	2601	  901.5	 35.4	  898.6	 -1.7	189.06	14.95	5.17	18.73	2.90	40.00	0.25	33.8	35.6	364
14	184330	5147.8562	10423.3481	1065.0	 610.0	2524	  901.5	 35.4	  898.5	 -1.6	194.54	14.96	5.16	18.72	2.88	40.00	0.25	33.9	35.6	365
14	184440	5147.8601	10423.3459	1065.1	 610.1	2515	  901.6	 35.4	  898.5	 -1.7	194.54	14.95	5.17	18.72	2.91	40.25	0.25	33.8	35.5	366
14	184631	5147.8551	10423.3419	1065.2	 610.2	2515	  901.5	 35.5	  898.6	 -1.6	208.24	14.96	5.17	18.73	2.90	40.00	0.25	33.9	35.6	367
14	184731	5147.8593	10423.3358	1064.6	 609.6	2520	  901.6	 35.5	  898.7	 -1.6	202.76	14.96	5.16	18.72	2.93	40.25	0.50	33.9	35.6	368
14	184841	5147.8548	10423.3422	1065.6	 610.6	2431	  901.6	 35.5	  898.6	 -1.6	194.54	14.95	5.16	18.73	2.91	40.00	0.25	33.9	35.6	369
14	184941	5147.8469	10423.3425	1067.2	 612.2	2522	  901.4	 35.5	  898.2	 -1.7	200.02	14.96	5.16	18.72	2.88	40.00	0.00	33.9	35.6	370
14	185132	5147.8516	10423.3492	1067.2	 612.2	2622	  901.7	 35.6	  898.5	 -1.7	194.54	14.96	5.16	18.73	2.90	40.50	0.50	33.9	35.6	371
14	185242	5147.8565	10423.3375	1065.5	 610.5	2556	  901.6	 35.6	  898.4	 -1.7	197.28	14.96	5.16	18.72	2.93	40.25	0.25	33.9	35.6	372
14	185342	5147.8541	10423.3365	1066.7	 611.7	2453	  901.5	 35.6	  898.2	 -1.7	194.54	14.96	5.16	18.73	2.90	40.50	0.50	33.9	35.7	373
14	185442	5147.8550	10423.3525	1066.1	 611.1	2619	  901.6	 35.6	  898.5	 -1.7	189.06	14.96	5.17	18.72	2.91	40.50	-0.25	33.9	35.6	374
14	185634	5147.8581	10423.3435	1066.2	 611.2	2559	  901.7	 35.6	  898.3	 -1.7	191.80	14.96	5.17	18.72	2.90	40.25	0.25	33.9	35.8	375
14	185734	5147.8551	10423.3323	1066.3	 611.3	2335	  901.6	 35.6	  898.5	 -1.7	194.54	14.96	5.16	18.72	2.88	40.50	0.25	34.0	35.7	376
14	185834	5147.8511	10423.3374	1067.6	 612.6	2463	  901.4	 35.6	  898.4	 -1.7	191.80	14.96	5.17	18.73	2.90	40.25	0.50	34.0	35.8	377
14	185934	5147.8475	10423.3380	1068.1	 613.1	2463	  901.5	 35.6	  898.1	 -1.7	186.32	14.96	5.16	18.72	2.88	40.25	0.25	33.9	35.7	378
14	190145	5147.8456	10423.3273	1069.1	 614.1	2363	  901.4	 35.6	  898.2	 -1.7	186.32	14.95	5.17	18.72	2.91	40.25	0.25	33.9	35.8	379
14	190245	5147.8424	10423.3364	1072.7	 617.7	2443	  901.4	 35.7	  898.1	 -1.7	180.84	14.96	5.16	18.72	2.98	40.50	0.25	34.0	35.8	380
14	190345	5147.8396	10423.3328	1072.0	 617.0	2370	  901.3	 35.7	  898.0	 -1.7	175.36	14.96	5.16	18.73	2.90	40.25	0.25	34.0	35.7	381
14	190445	5147.8401	10423.3405	1070.5	 615.5	2472	  901.3	 35.7	  898.3	 -1.7	175.36	14.96	5.16	18.73	2.87	40.25	0.25	33.9	35.7	382
14	190646	5147.8495	10423.3398	1070.0	 615.0	2508	  901.5	 35.7	  898.4	 -1.7	169.88	14.96	5.16	18.71	2.94	40.25	0.25	34.0	35.7	383
14	190746	5147.8540	10423.3413	1069.0	 614.0	2448	  901.6	 35.7	  898.4	 -1.7	175.36	14.96	5.16	18.72	2.91	40.50	0.00	34.0	35.8	384
14	190846	5147.8534	10423.3395	1069.1	 614.1	2455	  901.5	 35.7	  898.4	 -1.7	175.36	14.96	5.16	18.73	2.90	40.25	0.25	34.0	35.8	385
14	190946	5147.8483	10423.3392	1069.6	 614.6	2422	  901.4	 35.7	  898.3	 -1.7	175.36	14.96	5.16	18.73	2.90	40.25	0.25	33.9	35.8	386
14	191147	5147.8451	10423.3274	1068.5	 613.5	2331	  901.4	 35.7	  898.2	 -1.8	169.88	14.96	5.16	18.72	2.93	40.50	0.50	34.0	35.8	387
14	191247	5147.8438	10423.3254	1067.7	 612.7	2313	  901.5	 35.7	  898.3	 -1.8	167.14	14.95	5.16	18.73	2.93	40.50	0.25	34.0	35.8	388
14	191347	5147.8489	10423.3337	1067.7	 612.7	2498	  901.5	 35.7	  898.4	 -1.8	158.92	14.96	5.16	18.73	2.91	40.25	0.25	34.1	35.8	389
14	191447	5147.8473	10423.3235	1068.0	 613.0	2354	  901.5	 35.7	  898.5	 -1.8	161.66	14.96	5.16	18.72	2.91	40.25	0.00	34.1	35.9	390
14	191648	5147.8488	10423.3252	1066.4	 611.4	2264	  901.6	 35.7	  898.6	 -1.8	161.66	14.96	5.17	18.72	2.88	40.50	0.50	34.0	35.8	391
14	191748	5147.8485	10423.3233	1066.5	 611.5	2148	  901.5	 35.7	  898.5	 -1.8	164.40	14.96	5.16	18.73	2.94	40.50	0.25	34.1	35.8	392
14	191848	5147.8495	10423.3223	1066.7	 611.7	2341	  901.5	 35.7	  898.6	 -1.8	161.66	14.96	5.16	18.72	2.88	40.25	0.25	34.0	35.8	393
14	191948	5147.8458	10423.3263	1067.1	 612.1	2363	  901.6	 35.7	  898.4	 -1.8	158.92	14.96	5.17	18.73	2.93	40.25	0.00	34.1	35.9	394
14	192149	5147.8451	10423.3221	1067.1	 612.1	2275	  901.5	 35.8	  898.5	 -1.8	158.92	14.96	5.16	18.72	2.96	40.50	0.25	34.1	35.8	395
14	192612	5147.8462	10423.3133	1066.5	 611.5	2213	  901.5	 35.7	  898.4	 -1.9	156.18	14.96	5.15	18.73	2.91	40.50	0.00	34.1	35.7	396
14	192712	5147.8471	10423.3189	1065.7	 610.7	2325	  901.5	 35.7	  898.4	 -1.9	153.44	14.96	5.16	18.73	2.90	40.25	0.00	34.0	35.8	397
14	192812	5147.8457	10423.3180	1066.7	 611.7	2235	  901.4	 35.7	  898.5	 -1.9	156.18	14.96	5.16	18.72	2.90	40.25	0.25	34.1	35.8	398
14	192912	5147.8429	10423.3259	1066.5	 611.5	2377	  901.4	 35.7	  898.3	 -1.8	150.70	14.96	5.16	18.72	2.90	40.50	0.00	34.1	35.9	399
14	193113	5147.8423	10423.3282	1068.3	 613.3	2319	  901.4	 35.7	  898.3	 -1.8	156.18	14.96	5.16	18.72	2.90	40.50	0.25	34.1	35.9	400
14	193213	5147.8412	10423.3198	1068.1	 613.1	2201	  901.4	 35.8	  898.4	 -1.9	153.44	14.96	5.16	18.72	2.87	40.75	0.25	34.1	35.8	401
14	193313	5147.8406	10423.3263	1067.0	 612.0	2316	  901.5	 35.8	  898.5	 -1.8	150.70	14.96	5.16	18.73	2.87	40.25	0.25	34.1	35.9	402
14	193413	5147.8451	10423.3188	1067.6	 612.6	2279	  901.4	 35.8	  898.4	 -1.9	147.96	14.96	5.16	18.73	2.87	40.50	0.00	34.2	35.9	403
14	193614	5147.8390	10423.3207	1067.7	 612.7	2305	  901.4	 35.8	  898.3	 -1.9	145.22	14.96	5.16	18.74	2.90	40.50	0.00	34.1	35.9	404
14	193714	5147.8376	10423.3103	1068.6	 613.6	2125	  901.4	 35.8	  898.4	 -1.9	145.22	14.96	5.17	18.73	2.91	40.00	0.25	34.1	35.9	405
14	193814	5147.8392	10423.3124	1067.0	 612.0	2144	  901.4	 35.8	  898.5	 -1.9	142.48	14.96	5.16	18.72	2.94	40.50	0.00	34.1	35.8	406
14	193914	5147.8390	10423.3124	1067.0	 612.0	2159	  901.5	 35.8	  898.3	 -1.9	139.74	14.96	5.16	18.72	2.96	40.75	0.00	34.0	35.8	407
14	194115	5147.8384	10423.3133	1067.2	 612.2	2163	  901.4	 35.8	  898.5	 -1.9	139.74	14.97	5.17	18.72	3.01	40.25	0.00	34.1	35.9	408
14	194215	5147.8380	10423.3133	1067.3	 612.3	2097	  901.5	 35.8	  898.5	 -1.9	134.26	14.96	5.17	18.72	2.91	40.75	0.00	34.1	35.9	409
14	194315	5147.8376	10423.3133	1067.3	 612.3	2060	  901.5	 35.8	  898.7	 -1.9	131.52	14.96	5.17	18.72	2.91	40.25	0.00	34.0	35.8	410
14	194415	5147.8372	10423.3135	1067.5	 612.5	2065	  899.8	 35.8	  896.8	 -1.9	150.70	14.95	5.16	18.73	2.93	40.25	0.00	34.1	35.8	411
14	194616	5147.8367	10423.3134	1069.8	 614.8	2051	  895.4	 35.8	  892.6	 -1.9	186.32	14.96	5.16	18.73	2.90	40.25	-0.25	34.0	35.9	412
14	194716	5147.8366	10423.3125	1071.1	 616.1	2053	  895.6	 35.8	  892.9	 -2.0	189.06	14.96	5.15	18.73	2.96	40.25	0.00	34.1	35.9	413
14	194816	5147.8370	10423.3109	1073.8	 618.8	2023	  895.5	 35.8	  892.6	 -2.1	189.06	14.96	5.17	18.73	2.91	40.50	0.00	34.1	35.9	414
14	194916	5147.8371	10423.3096	1075.1	 620.1	1969	  895.4	 35.8	  892.8	 -2.1	194.54	14.96	5.17	18.73	2.91	40.50	0.25	34.1	35.9	415
14	195117	5147.8376	10423.3077	1080.0	 625.0	1969	  895.5	 35.8	  892.6	 -2.2	202.76	14.95	5.17	18.73	2.91	40.50	-0.25	34.1	35.9	416
14	195217	5147.8382	10423.3069	1084.4	 629.4	2033	  895.5	 35.8	  892.7	 -2.2	202.76	14.95	5.17	18.73	2.87	40.50	-0.25	34.1	35.9	417
14	195317	5147.8386	10423.3060	1087.4	 632.4	1990	  895.5	 35.8	  892.7	 -2.1	205.50	14.96	5.16	18.73	2.90	40.50	0.00	34.1	36.0	418
14	195427	5147.8393	10423.3052	1089.7	 634.7	2033	  895.6	 35.8	  892.7	 -2.2	205.50	14.95	5.17	18.73	2.94	40.75	-0.50	34.1	35.9	419
14	195618	5147.8408	10423.3035	1093.2	 638.2	2012	  895.6	 35.8	  892.8	 -2.1	213.72	14.96	5.16	18.72	2.93	40.50	-0.25	34.1	35.8	420
14	195718	5147.8413	10423.3028	1094.4	 639.4	1989	  895.6	 35.9	  892.8	 -2.1	205.50	14.96	5.16	18.72	2.90	40.25	-0.50	34.1	36.1	421
14	195828	5147.8416	10423.3025	1095.2	 640.2	2018	  895.6	 35.9	  892.8	 -2.1	210.98	14.96	5.17	18.73	2.94	40.50	0.00	34.1	36.0	422
14	195928	5147.8418	10423.3021	1095.9	 640.9	2002	  895.5	 35.9	  892.8	 -2.1	210.98	14.96	5.16	18.72	2.90	40.50	-0.25	34.1	35.9	423
14	200119	5147.8422	10423.3017	1097.1	 642.1	1997	  895.5	 35.9	  892.7	 -2.1	208.24	14.96	5.16	18.72	2.90	40.75	-0.50	34.2	35.9	424
14	200229	5147.8425	10423.3017	1098.0	 643.0	2042	  895.5	 35.9	  892.7	 -2.2	208.24	14.96	5.16	18.72	2.87	40.50	0.00	34.2	36.0	425
14	200329	5147.8427	10423.3015	1098.7	 643.7	2067	  895.5	 35.9	  892.9	 -2.1	208.24	14.96	5.17	18.72	2.91	40.75	-0.50	34.2	35.9	426
14	200429	5147.8429	10423.3015	1099.4	 644.4	2046	  895.5	 35.9	  892.7	 -2.2	202.76	14.96	5.16	18.71	2.87	40.50	-0.25	34.2	35.9	427
14	200630	5147.8432	10423.3023	1100.9	 645.9	2090	  895.5	 35.9	  892.9	 -2.2	197.28	14.96	5.17	18.70	2.93	40.50	-0.25	34.2	35.9	428
14	200730	5147.8432	10423.3029	1101.5	 646.5	2100	  895.4	 35.9	  892.6	 -2.2	189.06	14.96	5.16	18.71	2.91	40.25	0.00	34.1	36.1	429
14	200830	5147.8433	10423.3035	1102.1	 647.1	2116	  895.6	 35.9	  892.6	 -2.2	183.58	14.95	5.16	18.71	2.91	41.00	0.00	34.2	36.0	430
14	200930	5147.8433	10423.3040	1102.7	 647.7	2118	  895.5	 35.9	  892.6	 -2.2	183.58	14.96	5.16	18.70	2.93	40.50	-0.25	34.2	36.0	431
14	201131	5147.8432	10423.3046	1104.0	 649.0	2074	  895.4	 35.9	  892.9	 -2.3	178.10	14.96	5.16	18.71	2.88	40.25	-0.25	34.2	36.0	432
14	201231	5147.8432	10423.3053	1104.6	 649.6	2133	  895.6	 35.9	  892.4	 -2.3	172.62	14.96	5.16	18.71	2.90	40.75	-0.25	34.2	35.9	433
14	201331	5147.8432	10423.3060	1105.1	 650.1	2133	  895.6	 35.9	  892.8	 -2.3	175.36	14.96	5.16	18.70	2.90	40.75	-0.25	34.2	36.0	434
14	201431	5147.8432	10423.3072	1105.7	 650.7	2217	  895.5	 35.9	  892.7	 -2.3	167.14	14.95	5.16	18.70	2.90	40.75	-0.50	34.2	36.0	435
14	201632	5147.8428	10423.3086	1106.5	 651.5	2192	  895.4	 35.9	  892.6	 -2.3	161.66	14.96	5.16	18.70	2.94	40.75	-0.50	34.3	36.0	436
14	201732	5147.8424	10423.3090	1107.0	 652.0	2180	  895.4	 35.9	  892.3	 -2.3	158.92	14.96	5.17	18.70	2.88	40.50	-0.25	34.2	35.9	437
14	201832	5147.8420	10423.3094	1107.4	 652.4	2148	  895.5	 35.9	  892.3	 -2.3	153.44	14.96	5.16	18.69	2.96	40.50	-0.25	34.1	35.9	438
14	201932	5147.8418	10423.3098	1107.8	 652.8	2153	  895.4	 35.9	  892.4	 -2.3	147.96	14.96	5.16	18.70	2.96	40.50	-0.25	34.2	36.0	439
14	202133	5147.8419	10423.3108	1108.6	 653.6	2192	  895.4	 35.9	  892.7	 -2.3	139.74	14.95	5.16	18.70	2.90	40.75	-0.50	34.1	36.1	440
14	202233	5147.8421	10423.3111	1109.0	 654.0	2199	  895.5	 35.9	  892.8	 -2.3	139.74	14.96	5.16	18.70	2.87	40.75	-0.50	34.2	36.0	441
14	202333	5147.8424	10423.3115	1109.4	 654.4	2188	  895.5	 35.9	  892.7	 -2.3	147.96	14.96	5.16	18.70	2.87	40.50	-0.75	34.2	36.0	442
14	202433	5147.8423	10423.3117	1109.9	 654.9	2196	  895.4	 35.9	  892.7	 -2.3	147.96	14.96	5.16	18.70	2.91	40.50	-0.25	34.3	36.0	443
14	202634	5147.8422	10423.3126	1110.9	 655.9	2155	  895.5	 35.9	  892.6	 -2.3	145.22	14.95	5.16	18.68	2.94	40.50	-0.50	34.2	35.9	444
14	202734	5147.8422	10423.3134	1111.3	 656.3	2231	  895.6	 35.9	  892.8	 -2.3	142.48	14.96	5.16	18.68	2.91	41.25	-0.50	34.2	36.0	445
14	202834	5147.8424	10423.3141	1111.7	 656.7	2264	  895.5	 35.9	  892.7	 -2.3	139.74	14.96	5.16	18.68	2.91	40.75	-0.50	34.2	36.0	446
14	202934	5147.8424	10423.3146	1112.0	 657.0	2228	  895.5	 35.9	  892.8	 -2.3	139.74	14.96	5.16	18.67	2.93	40.50	-0.50	34.2	36.0	447
14	203135	5147.8433	10423.3158	1112.7	 657.7	2228	  895.5	 35.9	  892.7	 -2.3	142.48	14.96	5.16	18.67	2.91	40.50	-0.75	34.2	36.0	448
14	203235	5147.8495	10423.3113	1112.8	 657.8	2246	  895.7	 35.9	  893.0	 -2.3	147.96	14.96	5.17	18.67	2.90	40.75	-0.50	34.1	36.0	449
14	203335	5147.8550	10423.3103	1113.8	 658.8	2224	  895.7	 35.9	  892.9	 -2.3	150.70	14.95	5.16	18.65	2.91	40.75	-0.75	34.1	36.1	450
14	203435	5147.8597	10423.3122	1116.8	 661.8	2257	  895.7	 35.9	  893.1	 -2.2	156.18	14.95	5.17	18.66	2.90	41.00	-0.50	34.2	36.0	451
14	203636	5147.8610	10423.3132	1117.4	 662.4	2246	  895.8	 36.0	  893.2	 -2.1	161.66	14.96	5.16	18.66	2.88	40.75	-0.50	34.2	36.1	452
14	203736	5147.8614	10423.3137	1117.4	 662.4	2290	  895.9	 36.0	  893.2	 -2.1	172.62	14.95	5.16	18.66	2.90	40.75	-0.50	34.4	36.0	453
14	203836	5147.8617	10423.3142	1117.3	 662.3	2309	  895.9	 36.0	  893.0	 -2.0	178.10	14.96	5.16	18.65	2.93	40.50	-0.50	34.3	36.0	454
14	203936	5147.8617	10423.3145	1117.4	 662.4	2279	  895.8	 36.0	  893.0	 -2.0	178.10	14.95	5.16	18.65	2.90	40.50	-0.25	34.3	36.1	455
14	204137	5147.8615	10423.3280	1116.7	 661.7	2427	  895.8	 36.0	  893.1	 -2.0	183.58	14.96	5.16	18.65	2.91	40.50	-0.50	34.3	36.1	456
14	204237	5147.8646	10423.3301	1116.7	 661.7	2351	  895.8	 36.0	  893.1	 -2.0	183.58	14.95	5.16	18.65	2.93	41.00	-0.50	34.3	36.1	457
14	204337	5147.8650	10423.3325	1117.1	 662.1	2395	  895.9	 36.0	  893.4	 -2.0	186.32	14.96	5.16	18.66	2.90	40.75	-0.50	34.3	36.1	458
14	204447	5147.8622	10423.3393	1117.5	 662.5	2383	  895.9	 36.0	  893.1	 -2.0	186.32	14.96	5.16	18.66	2.91	40.75	-0.50	34.3	36.2	459
14	204638	5147.8615	10423.3380	1118.3	 663.3	2407	  895.9	 36.1	  893.0	 -2.0	189.06	14.96	5.17	18.66	2.90	40.75	-0.25	34.3	36.1	460
14	204738	5147.8623	10423.3496	1117.5	 662.5	2508	  895.9	 36.1	  893.1	 -2.0	186.32	14.96	5.16	18.65	2.91	40.75	-0.50	34.4	36.1	461
14	204848	5147.8587	10423.3333	1118.9	 663.9	2434	  895.8	 36.1	  893.0	 -2.0	194.54	14.96	5.17	18.65	2.90	41.00	-0.25	34.4	36.1	462
14	204948	5147.8580	10423.3371	1119.3	 664.3	2410	  895.8	 36.1	  893.1	 -2.0	189.06	14.96	5.16	18.65	2.88	40.75	-0.50	34.4	36.1	463
14	205139	5147.8607	10423.3416	1119.2	 664.2	2470	  896.0	 36.1	  893.0	 -2.0	191.80	14.96	5.17	18.65	2.87	40.75	-0.50	34.5	36.1	464
14	205249	5147.8637	10423.3369	1120.5	 665.5	2380	  896.1	 36.1	  893.0	 -2.0	194.54	14.96	5.16	18.65	2.90	40.75	-0.50	34.4	36.1	465
14	205349	5147.8596	10423.3355	1119.1	 664.1	2383	  895.9	 36.1	  893.2	 -1.9	191.80	14.96	5.16	18.65	2.90	40.75	-0.25	34.4	36.2	466
14	205449	5147.8610	10423.3371	1120.4	 665.4	2389	  895.8	 36.1	  893.1	 -2.0	189.06	14.96	5.16	18.66	2.91	40.50	0.00	34.4	36.2	467
14	205650	5147.8619	10423.3362	1119.5	 664.5	2415	  895.9	 36.1	  893.2	 -2.0	189.06	14.96	5.17	18.66	2.90	40.75	-0.25	34.5	36.2	468
14	205750	5147.8617	10423.3383	1119.4	 664.4	2446	  895.8	 36.1	  893.2	 -1.9	189.06	14.96	5.16	18.65	2.90	41.25	-0.25	34.5	36.1	469
14	205850	5147.8621	10423.3379	1119.4	 664.4	2431	  895.9	 36.2	  893.2	 -2.0	189.06	14.96	5.17	18.65	2.93	41.00	-0.50	34.5	36.2	470
14	205950	5147.8622	10423.3375	1119.2	 664.2	2420	  895.9	 36.2	  893.1	 -1.9	191.80	14.95	5.17	18.65	2.91	41.00	-0.25	34.4	36.2	471
14	210151	5147.8595	10423.3433	1116.0	 661.0	2487	  895.8	 36.2	  893.3	 -1.9	189.06	14.96	5.16	18.66	2.88	41.00	0.00	34.5	36.3	472
14	210251	5147.8624	10423.3384	1114.8	 659.8	2434	  896.0	 36.2	  893.2	 -1.9	189.06	14.96	5.17	18.65	2.90	41.00	0.00	34.5	36.3	473
14	210351	5147.8629	10423.3379	1114.2	 659.2	2439	  895.8	 36.2	  893.3	 -1.9	191.80	14.96	5.17	18.66	2.94	40.75	0.25	34.5	36.3	474
14	210452	5147.8629	10423.3381	1114.2	 659.2	2443	  896.0	 36.2	  893.1	 -2.0	189.06	14.95	5.17	18.65	2.91	40.75	0.25	34.6	36.2	475
14	210652	5147.8720	10423.3325	1110.6	 655.6	2434	  896.0	 36.2	  893.2	 -1.9	186.32	14.96	5.17	18.65	2.90	40.75	0.00	34.5	36.3	476
14	210753	5147.8723	10423.3320	1110.5	 655.5	2403	  896.1	 36.2	  893.4	 -1.9	189.06	14.96	5.16	18.66	2.88	40.75	-0.25	34.6	36.2	477
14	210852	5147.8744	10423.3282	1109.7	 654.7	2407	  896.2	 36.2	  893.5	 -1.9	189.06	14.96	5.16	18.65	2.91	41.00	0.00	34.5	36.2	478
14	210952	5147.8761	10423.3257	1109.2	 654.2	2390	  896.3	 36.2	  893.6	 -1.9	186.32	14.96	5.17	18.65	2.93	41.25	0.00	34.6	36.3	479
14	211154	5147.8757	10423.3315	1108.8	 653.8	2461	  896.4	 36.3	  893.8	 -1.9	189.06	14.95	5.16	18.66	2.96	41.00	-0.25	34.5	36.3	480
14	211254	5147.8777	10423.3300	1108.4	 653.4	2454	  896.4	 36.3	  893.9	 -1.9	194.54	14.96	5.16	18.65	2.99	41.00	-0.25	34.6	36.3	481
14	211354	5147.8780	10423.3315	1108.4	 653.4	2431	  896.3	 36.3	  893.8	 -1.9	194.54	14.96	5.16	18.65	2.91	41.25	-0.25	34.7	36.5	482
14	211454	5147.8761	10423.3392	1109.8	 654.8	2542	  896.1	 36.3	  893.4	 -1.9	202.76	14.96	5.16	18.65	2.85	41.00	-0.25	34.6	36.3	483
14	211655	5147.8760	10423.3377	1110.6	 655.6	2476	  896.2	 36.3	  893.6	 -1.9	194.54	14.96	5.16	18.66	2.88	41.00	-0.25	34.6	36.4	484
14	211755	5147.8876	10423.3374	1106.9	 651.9	2464	  896.5	 36.3	  894.1	 -1.9	189.06	14.96	5.16	18.65	2.94	41.00	0.00	34.6	36.4	485
14	211855	5147.8916	10423.3368	1104.9	 649.9	2469	  896.6	 36.4	  894.2	 -1.9	191.80	14.96	5.16	18.65	2.93	41.00	0.00	34.6	36.4	486


