13
   16.6509 2.430000e-01 1.700000e-02 1.300000e-02
   16.7553 2.240000e-01 1.800000e-02 1.500000e-02
   16.8582 2.130000e-01 2.000000e-02 1.900000e-02
   16.9612 2.090000e-01 2.200000e-02 1.800000e-02
   17.0656 2.110000e-01 2.800000e-02 2.500000e-02
   17.1685 2.060000e-01 2.500000e-02 2.000000e-02
   17.2715 2.410000e-01 3.500000e-02 3.300000e-02
   17.3744 2.650000e-01 4.500000e-02 4.100000e-02
   17.4759 2.350000e-01 5.100000e-02 4.500000e-02
   17.5803 3.340000e-01 5.700000e-02 6.000000e-02
   17.7361 3.010000e-01 5.000000e-02 4.200000e-02
   17.9420 4.230000e-01 8.000000e-02 8.200000e-02
   18.1479 4.510000e-01 1.190000e-01 1.230000e-01
