  0 3.981072e+16 2.496208e-01
  1 4.168694e+16 2.460155e-01
  2 4.365158e+16 2.424454e-01
  3 4.570882e+16 2.389107e-01
  4 4.786301e+16 2.354115e-01
  5 5.011872e+16 2.319480e-01
  6 5.248075e+16 2.285202e-01
  7 5.495409e+16 2.251282e-01
  8 5.754399e+16 2.217721e-01
  9 6.025596e+16 2.184519e-01
 10 6.309573e+16 2.151676e-01
 11 6.606934e+16 2.119194e-01
 12 6.918310e+16 2.087071e-01
 13 7.244360e+16 2.055309e-01
 14 7.585776e+16 2.023906e-01
 15 7.943282e+16 2.023162e-01
 16 8.317638e+16 2.022419e-01
 17 8.709636e+16 2.021676e-01
 18 9.120108e+16 2.020934e-01
 19 9.549926e+16 2.020191e-01
 20 1.000000e+17 2.019449e-01
 21 1.047129e+17 2.018707e-01
 22 1.096478e+17 2.017965e-01
 23 1.148154e+17 2.017223e-01
 24 1.202264e+17 2.016482e-01
 25 1.258925e+17 2.050050e-01
 26 1.318257e+17 2.084031e-01
 27 1.380384e+17 2.118425e-01
 28 1.445440e+17 2.153232e-01
 29 1.513561e+17 2.188452e-01
 30 1.584893e+17 2.224085e-01
 31 1.659587e+17 2.260131e-01
 32 1.737801e+17 2.296588e-01
 33 1.819701e+17 2.333456e-01
 34 1.905461e+17 2.370734e-01
 35 1.995262e+17 2.408420e-01
 36 2.089296e+17 2.446513e-01
 37 2.187762e+17 2.485011e-01
 38 2.290868e+17 2.523913e-01
 39 2.398833e+17 2.563216e-01
 40 2.511886e+17 2.602918e-01
 41 2.630268e+17 2.643016e-01
 42 2.754229e+17 2.683508e-01
 43 2.884032e+17 2.724391e-01
 44 3.019952e+17 2.765661e-01
 45 3.162278e+17 2.807315e-01
 46 3.311311e+17 2.849349e-01
 47 3.467369e+17 2.891759e-01
 48 3.630781e+17 2.934542e-01
 49 3.801894e+17 2.977692e-01
 50 3.981072e+17 3.021206e-01
 51 4.168694e+17 3.065078e-01
 52 4.365158e+17 3.109304e-01
 53 4.570882e+17 3.153877e-01
 54 4.786301e+17 3.198792e-01
 55 5.011872e+17 3.244044e-01
 56 5.248075e+17 3.289627e-01
 57 5.495409e+17 3.335534e-01
 58 5.754399e+17 3.381759e-01
 59 6.025596e+17 3.428294e-01
 60 6.309573e+17 3.475134e-01
 61 6.606934e+17 3.522271e-01
 62 6.918310e+17 3.569697e-01
 63 7.244360e+17 3.617406e-01
 64 7.585776e+17 3.665388e-01
 65 7.943282e+17 3.713637e-01
 66 8.317638e+17 3.762144e-01
 67 8.709636e+17 3.810900e-01
 68 9.120108e+17 3.859897e-01
 69 9.549926e+17 3.909126e-01
 70 1.000000e+18 3.958578e-01
 71 1.047129e+18 4.008244e-01
 72 1.096478e+18 4.058114e-01
 73 1.148154e+18 4.108180e-01
 74 1.202264e+18 4.158431e-01
 75 1.258925e+18 4.208858e-01
 76 1.318257e+18 4.259450e-01
 77 1.380384e+18 4.310198e-01
 78 1.445440e+18 4.361091e-01
 79 1.513561e+18 4.412119e-01
 80 1.584893e+18 4.463271e-01
 81 1.659587e+18 4.514537e-01
 82 1.737801e+18 4.565907e-01
 83 1.819701e+18 4.617369e-01
 84 1.905461e+18 4.668913e-01
 85 1.995262e+18 4.720528e-01
 86 2.089296e+18 4.772202e-01
 87 2.187762e+18 4.823925e-01
 88 2.290868e+18 4.875686e-01
 89 2.398833e+18 4.927474e-01
 90 2.511886e+18 4.979277e-01
 91 2.630268e+18 5.031084e-01
 92 2.754229e+18 5.082885e-01
 93 2.884032e+18 5.134669e-01
 94 3.019952e+18 5.186423e-01
 95 3.162278e+18 5.238137e-01
 96 3.311311e+18 5.289801e-01
 97 3.467369e+18 5.341402e-01
 98 3.630781e+18 5.392930e-01
 99 3.801894e+18 5.444375e-01
