23001
23003
23005
23007
23009
23011
23013
23015
23017
23019
23021
23023
23025
23027
23029
23031
23033
23035
23037
23041
23043
23045
23047
23049
23051
23053
23055
23057
23059
23061
23063
23065
23067
23069
23071
23073
23075
23077
23079
23081
23083
23085
23087
23089
23091
23093
23095
23097
23099
23101
23103
23105
23107
23109
23111
23113
23115
23117
23119
23121
23123
23125
23127
23129
23131
23133
23135
23137
23139
23141
23143
23145
23147
23149
23151
23153
23155
23157
23159
23161
23163
23167
23169
23171
23173
23175
23177
23179
23181
23185
23187
23189
23191
23193
23195
23197
23199
23201
23203
23205
23207
23209
23211
23213
23215
23217
23219
23221
23223
23225
23227
23229
23231
23233
23235
23237
23239
23241
23245
23247
23251
23253
23255
23257
23259
23261
23265
23267
23269
23273
23275
23277
23279
23281
23285
23287
23295
23297
23301
23305
23309
23311
23313
23315
23317
23319
23321
23323
23325
23327
23329
23331
23333
23335
23337
23339
23341
23343
23345
23349
23351
23353
23355
23357
23359
23361
23363
23365
23367
23369
23371
23373
23375
23377
23379
23383
23385
23387
23389
23391
23393
23395
23397
23399
23401
23403
23407
23409
23413
23415
23417
23419
23421
23423
23425
23427
23429
23431
23433
23435
23437
23439
23441
23443
23445
23447
23449
23451
23453
23455
23457
23459
23461
23463
23465
23467
23469
23475
23477
23479
23483
23485
23487
23489
23491
23493
23495
23497
23499
23501
23503
23505
23507
23509
23511
23513
23515
23517
23519
23521
23523
23525
23527
23529
23533
23535
23537
23539
23541
23543
23545
23547
23549
23551
23553
23555
23557
23559
23561
23563
23565
23567
23569
23571
23573
23575
23577
23579
23581
23583
23585
23587
23589
23591
23593
23595
23597
23599
23601
23603
23605
23607
23609
23611
23613
23615
23617
23619
23621
23623
23625
23627
23629
23631
23633
23635
23637
23639
23641
23643
23645
23647
23651
23653
23655
23657
23659
23661
23663
23665
23667
23669
23671
23673
23675
23677
23679
23681
23683
23685
23687
23689
23691
23693
23695
23697
23699
23701
23703
23705
23707
23709
23711
23715
23717
23719
23721
23723
23725
23727
23731
23733
23735
23737
23739
23741
23743
23745
23747
23749
23751
23753
23755
23757
23759
23763
23765
23767
23769
23771
23773
23775
23777
23779
23781
23783
23787
23791
23793
23797
23799
23801
23803
23805
23807
23811
23813
23815
23817
23819
23821
23823
23825
23827
23829
23831
23833
23835
23837
23839
23841
23843
23845
23847
23849
23851
23853
23855
23857
23859
23861
23863
23865
23867
23869
23871
23873
23877
23879
23881
23883
23885
23887
23889
23891
23893
23897
23899
23901
23903
23905
23907
23911
23913
23915
23917
23919
23921
23923
23925
23927
23929
23931
23933
23935
23937
23939
23943
23947
23951
23953
23955
23957
23959
23961
23963
23965
23967
23969
23971
23973
23975
23977
23981
23983
23985
23987
23989
23991
23993
23995
23997
23999
24001
24003
24005
24007
24009
24011
24013
24015
24017
24019
24021
24023
24025
24027
24029
24031
24033
24035
24037
24039
24041
24043
24045
24047
24049
24051
24055
24057
24059
24061
24063
24065
24067
24069
24071
24073
24075
24077
24079
24081
24083
24085
24087
24089
24091
24093
24095
24097
24099
24101
24103
24105
24107
24109
24111
24113
24115
24117
24121
24123
24125
24127
24129
24131
24133
24135
24137
24139
24141
24143
24145
24147
24149
24151
24153
24155
24159
24161
24163
24165
24167
24169
24171
24173
24175
24177
24179
24181
24183
24185
24187
24189
24191
24197
24199
24201
24203
24205
24207
24209
24211
24213
24215
24217
24219
24223
24225
24227
24229
24231
24233
24235
24237
24239
24241
24243
24245
24247
24249
24251
24253
24255
24257
24259
24261
24263
24265
24267
24269
24273
24275
24277
24279
24281
24283
24285
24287
24289
24291
24293
24295
24297
24299
24301
24303
24305
24309
24313
24315
24317
24319
24321
24323
24327
24329
24331
24333
24335
24337
24339
24341
24343
24345
24347
24349
24351
24353
24355
24357
24359
24361
24363
24365
24367
24369
24371
24373
24377
24379
24381
24383
24387
24393
24395
24397
24399
24403
24405
24407
24409
24411
24415
24417
24419
24423
24425
24429
24431
24433
24435
24437
24439
24441
24443
24445
24447
24449
24451
24453
24455
24457
24459
24461
24463
24465
24467
24469
24471
24473
24475
24479
24481
24483
24485
24487
24489
24491
24493
24495
24499
24501
24503
24507
24509
24511
24513
24515
24517
24519
24521
24523
24531
24533
24535
24537
24541
24543
24545
24547
24549
24551
24553
24555
24557
24559
24563
24565
24567
24569
24571
24573
24575
24577
24579
24581
24583
24585
24587
24589
24595
24597
24599
24601
24603
24605
24607
24609
24611
24613
24615
24617
24621
24623
24625
24627
24629
24631
24633
24637
24641
24643
24645
24647
24649
24651
24653
24655
24657
24663
24665
24667
24669
24671
24675
24677
24679
24681
24683
24685
24687
24689
24693
24695
24697
24699
24701
24705
24707
24711
24713
24715
24717
24719
24721
24723
24725
24727
24729
24733
24735
24737
24741
24743
24745
24747
24749
24751
24753
24755
24757
24759
24761
24763
24765
24767
24769
24771
24773
24775
24777
24783
24785
24787
24789
24791
24793
24795
24797
24799
24801
24803
24805
24807
24809
24811
24813
24815
24817
24819
24821
24823
24825
24827
24829
24831
24833
24835
24839
24841
24843
24845
24847
24849
24853
24855
24857
24859
24861
24865
24867
24869
24871
24873
24875
24877
24879
24881
24883
24885
24887
24889
24891
24893
24895
24897
24899
24901
24903
24905
24909
24915
24917
24919
24921
24923
24925
24927
24929
24931
24933
24935
24937
24941
24943
24945
24947
24949
24951
24953
24955
24957
24959
24965
24967
24969
24971
24977
24979
24981
24983
24985
24987
24989
24993
24999
25003
25007
25009
25013
25015
25017
25023
25025
25027
25029
25031
25033
25035
25037
25039
25041
25043
25045
25047
25049
25057
25059
25061
25065
25067
25069
25073
25081
25085
25087
25089
25093
25099
25103
25107
25109
25111
25113
25115
25117
25119
25123
25125
25127
25129
25131
25141
25143
25145
25147
25149
25151
25153
25155
25165
25167
25169
25171
25175
25177
25179
25181
25183
25187
25189
25193
25197
25201
25203
25205
25207
25209
25211
25213
25217
25219
25223
25225
25227
25229
25233
25237
25239
25241
25243
25245
25247
25249
25251
25253
25255
25257
25259
25261
25265
25267
25269
25271
25273
25275
25277
25279
25281
25283
25287
25289
25293
25295
25297
25299
25301
25303
25305
25307
25311
25313
25315
25319
25323
25325
25327
25329
25331
25333
25337
25339
25341
25343
25347
25353
25355
25357
25359
25361
25363
25365
25367
25369
25371
25373
25375
25377
25381
25383
25385
25387
25389
25391
25393
25399
25403
25405
25407
25409
25411
25413
25415
25419
25423
25425
25427
25429
25431
25433
25435
25437
25441
25443
25445
25447
25449
25451
25453
25457
25459
25465
25469
25473
25475
25477
25479
25481
25485
25487
25491
25493
25495
25497
25503
25505
25507
25509
25511
25513
25515
25517
25519
25521
25523
25525
25529
25531
25533
25537
25541
25545
25547
25549
25551
25553
25555
25557
25559
25563
25571
25573
25577
25579
25583
25585
25587
25589
25591
25593
25595
25597
25601
25603
25605
25607
25609
25611
25615
25617
25619
25621
25623
25627
25629
25631
25633
25635
25637
25641
25643
25645
25647
25649
25651
25653
25657
25659
25661
25663
25665
25667
25669
25671
25677
25679
25681
25685
25687
25689
25691
25693
25695
25697
25699
25705
25707
25709
25711
25713
25715
25717
25719
25721
25723
25727
25729
25731
25733
25735
25737
25739
25741
25743
25745
25747
25749
25751
25753
25755
25757
25759
25765
25767
25769
25775
25777
25781
25783
25785
25787
25789
25791
25793
25795
25797
25799
25801
25803
25805
25807
25809
25811
25813
25815
25817
25819
25825
25827
25829
25835
25837
25839
25841
25843
25845
25853
25857
25859
25861
25865
25867
25869
25871
25873
25875
25877
25879
25881
25885
25889
25893
25895
25897
25899
25901
25903
25905
25907
25909
25911
25913
25915
25917
25919
25921
25923
25925
25927
25929
25931
25933
25937
25941
25943
25945
25947
25951
25955
25957
25959
25961
25963
25965
25967
25969
25971
25973
25981
25987
25989
25993
25997
25999
26003
26005
26007
26009
26015
26017
26021
26023
26025
26027
26029
26031
26033
26037
26039
26041
26047
26049
26051
26059
26063
26065
26067
26069
26071
26073
26075
26077
26079
26081
26083
26085
26087
26089
26091
26093
26095
26099
26101
26103
26105
26109
26113
26115
26121
26123
26125
26127
26129
26131
26133
26135
26141
26143
26145
26147
26149
26151
26153
26157
26162
26164
26169
26171
26175
26177
26179
26185
26187
26189
26191
26193
26195
26197
26199
26201
26205
26207
26209
26213
26217
26219
26221
26223
26229
26231
26233
26235
26237
26239
26243
26251
26253
26255
26257
26265
26267
26269
26271
26273
26275
26277
26279
26281
26285
26287
26289
26293
26297
26301
26305
26307
26309
26311
26315
26317
26319
26325
26327
26337
26339
26341
26343
26345
26357
26359
26371
26374
26378
26380
26382
26390
26392
26398
26407
26409
26413
26415
26417
26419
26421
26425
26431
26435
26437
26439
26441
26443
26445
26449
26451
26453
26455
26457
26459
26465
26467
26469
26471
26473
26475
26479
26481
26483
26485
26489
26491
26493
26495
26497
26503
26507
26511
26513
26515
26521
26529
26531
26533
26535
26537
26539
26541
26543
26547
26551
26553
26555
26557
26561
26563
26567
26571
26575
26579
26581
26587
26589
26591
26609
26611
26623
26625
26629
26631
26633
26635
26637
26639
26641
26643
26645
26647
26649
26651
26655
26657
26659
26661
26665
26667
26669
26671
26681
26687
26689
26691
26695
26701
26703
26705
26711
26713
26715
26729
26731
26735
26737
26745
26749
26753
26755
26757
26759
26763
26765
26771
26773
26775
26777
26779
26797
26805
26815
26817
26821
26823
26827
26833
26835
26845
26857
26863
26865
26867
26873
26877
26881
26887
26895
26901
26911
26921
26939
26957
26959
26961
26969
26979
26997
26999
27011
27019
27023
27027
27033
27039
27047
27059
27069
27079
27081
27083
27085
27087
27089
27091
27093
27095
27097
27099
27101
27103
27105
27107
27109
27111
27113
27117
27119
27121
27125
27127
27131
27133
27135
27137
27139
27141
27145
27147
27149
27153
27155
27157
27159
27161
27163
27165
27169
27171
27173
27175
27177
27179
27181
27183
27185
27187
27189
27191
27197
27199
27201
27203
27205
27207
27209
27211
27213
27215
27219
27221
27225
27227
27231
27233
27235
27239
27243
27247
27249
27251
27253
27259
27261
27263
27267
27269
27271
27273
27275
27277
27281
27283
27285
27287
27293
27295
27297
27299
27301
27303
27305
27307
27309
27311
27313
27315
27317
27319
27323
27327
27329
27331
27333
27335
27337
27339
27341
27343
27347
27353
27355
27357
27361
27363
27365
27367
27369
27373
27375
27379
27381
27383
27387
27389
27391
27393
27395
27397
27399
27401
27403
27405
27407
27410
27414
27416
27418
27420
27422
27426
27428
27430
27434
27436
27438
27440
27442
27444
27446
27448
27450
27452
27458
27460
27462
27466
27468
27472
27474
27478
27480
27482
27486
27490
27494
27496
27498
27500
27502
27506
27508
27510
27512
27516
27518
27520
27524
27530
27532
27534
27536
27538
27540
27544
27546
27550
27552
27554
27556
27558
27560
27562
27566
27568
27572
27578
27580
27586
27588
27592
27596
27598
27602
27606
27608
27610
27614
27616
27618
27622
27624
27626
27628
27630
27632
27636
27638
27640
27644
27646
27648
27650
27654
27656
27658
27664
27666
27668
27672
27674
27680
27682
27686
27688
27694
27698
27700
27702
27704
27706
27708
27710
27712
27714
27718
27720
27722
27724
27726
27728
27730
27732
27734
27736
27738
27740
27742
27746
27748
27752
27754
27756
27758
27760
27764
27766
27770
27772
27776
27778
27780
27782
27784
27790
27796
27800
27802
27804
27806
27808
27810
27812
27814
27816
27820
27824
27828
27832
27834
27836
27840
27842
27844
27846
27848
27850
27852
27854
27856
27858
27860
27862
27864
27866
27868
27872
27874
27876
27878
27880
27882
27884
27886
27888
27892
27894
27896
27898
27900
27902
27904
27908
27910
27914
27916
27918
27920
27922
27924
27926
27930
27934
27936
27938
27940
27942
27944
27946
27948
27952
27954
27956
27958
27960
27962
27964
27966
27968
27970
27972
27974
27976
27978
27980
27982
27984
27986
27988
27992
27998
28000
28002
28004
28006
28008
28010
28012
28018
28020
28022
28026
28028
28030
28034
28036
28038
28040
28042
28045
28047
28049
28051
28053
28055
28057
28059
28061
28063
28065
28069
28071
28073
28075
28077
28081
28083
28085
28089
28093
28095
28099
28101
28103
28107
28109
28111
28113
28115
28117
28121
28125
28127
28135
28137
28139
28141
28143
28145
28147
28149
28151
28153
28155
28157
28159
28161
28163
28165
28169
28173
28175
28177
28179
28181
28183
28189
28193
28195
28197
28199
28201
28203
28205
28207
28213
28215
28217
28219
28223
28225
28229
28231
28237
28239
28241
28243
28245
28247
28249
28251
28253
28255
28257
28259
28265
28267
28269
28271
28275
28277
28279
28281
28287
28289
28291
28297
28299
28303
28305
28307
28309
28313
28317
28319
28321
28325
28327
28329
28331
28333
28335
28337
28339
28341
28343
28345
28351
28355
28357
28359
28361
28363
28365
28367
28369
28371
28373
28375
28377
28379
28383
28385
28391
28395
28397
28401
28405
28409
28411
28415
28421
28423
28425
28429
28431
28433
28435
28439
28442
28444
28447
28449
28451
28453
28455
28459
28463
28465
28467
28469
28471
28475
28477
28481
28483
28489
28491
28493
28495
28499
28501
28783
28785
28787
